total test length
23158
-------------------folder , length of x_test, y_test-------------------------
121 140 140
number by successful floor
0,0
1,0
2,0
3,0
4,0
5,0
6,0
7,0
8,0
9,0
10,4
11,0
12,0
13,2
14,8
15,14
16,52
17,17
18,43
each floor by number


[0, 30, 0]
[0, 110, 0]
[0, 0, 0]


[0, 29, 1]
[0, 110, 0]
[0, 0, 0]


[63, 31, 6]
[23, 17, 0]
[0, 0, 0]


[78, 32, 0]
[22, 8, 0]
[0, 0, 0]


[109, 11, 0]
[20, 0, 0]
[0, 0, 0]


[125, 5, 0]
[10, 0, 0]
[0, 0, 0]


[135, 5, 0]
[0, 0, 0]
[0, 0, 0]


[136, 4, 0]
[0, 0, 0]
[0, 0, 0]


[136, 4, 0]
[0, 0, 0]
[0, 0, 0]


[136, 4, 0]
[0, 0, 0]
[0, 0, 0]


[140, 0, 0]
[0, 0, 0]
[0, 0, 0]


[140, 0, 0]
[0, 0, 0]
[0, 0, 0]


[140, 0, 0]
[0, 0, 0]
[0, 0, 0]


[140, 0, 0]
[0, 0, 0]
[0, 0, 0]


[140, 0, 0]
[0, 0, 0]
[0, 0, 0]


[140, 0, 0]
[0, 0, 0]
[0, 0, 0]


[140, 0, 0]
[0, 0, 0]
[0, 0, 0]


[140, 0, 0]
[0, 0, 0]
[0, 0, 0]
each floor by percent


[0.0, 100.0, 0.0]
[0.0, 99.99999999999999, 0.0]
[0, 0, 0]


[0.0, 96.66666666666667, 3.3333333333333335]
[0.0, 99.99999999999999, 0.0]
[0, 0, 0]


[63.0, 31.0, 6.0]
[57.5, 42.5, 0.0]
[0, 0, 0]


[70.9090909090909, 29.09090909090909, 0.0]
[73.33333333333334, 26.666666666666668, 0.0]
[0, 0, 0]


[90.83333333333334, 9.166666666666668, 0.0]
[100.0, 0.0, 0.0]
[0, 0, 0]


[96.15384615384615, 3.846153846153846, 0.0]
[100.0, 0.0, 0.0]
[0, 0, 0]


[96.42857142857143, 3.5714285714285716, 0.0]
[0, 0, 0]
[0, 0, 0]


[97.14285714285715, 2.857142857142857, 0.0]
[0, 0, 0]
[0, 0, 0]


[97.14285714285715, 2.857142857142857, 0.0]
[0, 0, 0]
[0, 0, 0]


[97.14285714285715, 2.857142857142857, 0.0]
[0, 0, 0]
[0, 0, 0]


[100.0, 0.0, 0.0]
[0, 0, 0]
[0, 0, 0]


[100.0, 0.0, 0.0]
[0, 0, 0]
[0, 0, 0]


[100.0, 0.0, 0.0]
[0, 0, 0]
[0, 0, 0]


[100.0, 0.0, 0.0]
[0, 0, 0]
[0, 0, 0]


[100.0, 0.0, 0.0]
[0, 0, 0]
[0, 0, 0]


[100.0, 0.0, 0.0]
[0, 0, 0]
[0, 0, 0]


[100.0, 0.0, 0.0]
[0, 0, 0]
[0, 0, 0]


[100.0, 0.0, 0.0]
[0, 0, 0]
[0, 0, 0]
total by number and percent
[2038, 155, 7]
[75, 245, 0]
[0, 0, 0]
[92.63636363636364, 7.045454545454546, 0.3181818181818182]
[23.4375, 76.5625, 0.0]
[nan, nan, nan]
total accuracy
0.905952380952381
-------------------folder , length of x_test, y_test-------------------------
122 3802 3802
number by successful floor
0,0
1,0
2,0
3,0
4,0
5,0
6,1
7,30
8,55
9,37
10,41
11,84
12,96
13,174
14,306
15,388
16,561
17,825
18,1204
each floor by number


[0, 25, 0]
[0, 385, 6]
[0, 283, 3103]


[0, 25, 0]
[0, 239, 1]
[0, 261, 3276]


[169, 9, 0]
[126, 26, 6]
[58, 110, 3298]


[179, 6, 0]
[182, 104, 16]
[16, 163, 3136]


[252, 2, 0]
[194, 261, 34]
[15, 160, 2884]


[260, 0, 0]
[234, 532, 153]
[0, 451, 2172]


[324, 5, 0]
[209, 1488, 95]
[0, 107, 1574]


[333, 6, 0]
[261, 1495, 61]
[0, 181, 1465]


[335, 8, 0]
[178, 1387, 62]
[0, 338, 1494]


[333, 10, 0]
[175, 1270, 74]
[0, 437, 1503]


[463, 28, 0]
[117, 1634, 5]
[0, 699, 856]


[706, 71, 0]
[47, 2978, 0]
[0, 0, 0]


[897, 503, 0]
[301, 2101, 0]
[0, 0, 0]


[1303, 353, 0]
[343, 1803, 0]
[0, 0, 0]


[2089, 59, 0]
[302, 1352, 0]
[0, 0, 0]


[3451, 16, 0]
[335, 0, 0]
[0, 0, 0]


[3802, 0, 0]
[0, 0, 0]
[0, 0, 0]


[3802, 0, 0]
[0, 0, 0]
[0, 0, 0]
each floor by percent


[0.0, 100.0, 0.0]
[0.0, 98.46547314578005, 1.5345268542199488]
[0.0, 8.357944477259304, 91.6420555227407]


[0.0, 100.0, 0.0]
[0.0, 99.58333333333334, 0.4166666666666667]
[0.0, 7.3791348600508915, 92.62086513994912]


[94.9438202247191, 5.056179775280899, 0.0]
[79.74683544303797, 16.455696202531644, 3.7974683544303796]
[1.6733987305251012, 3.1736872475476057, 95.1529140219273]


[96.75675675675676, 3.243243243243243, 0.0]
[60.264900662251655, 34.437086092715234, 5.298013245033113]
[0.48265460030165913, 4.917043740573153, 94.6003016591252]


[99.21259842519684, 0.7874015748031495, 0.0]
[39.672801635991824, 53.37423312883436, 6.952965235173824]
[0.4903563255966002, 5.230467473030402, 94.279176201373]


[100.0, 0.0, 0.0]
[25.462459194776933, 57.88900979325354, 16.64853101196953]
[0.0, 17.194052611513534, 82.80594738848646]


[98.48024316109422, 1.519756838905775, 0.0]
[11.662946428571427, 83.03571428571428, 5.301339285714286]
[0.0, 6.365258774538965, 93.63474122546104]


[98.23008849557522, 1.7699115044247786, 0.0]
[14.364336818932305, 82.27848101265822, 3.357182168409466]
[0.0, 10.996354799513973, 89.00364520048602]


[97.667638483965, 2.332361516034985, 0.0]
[10.94038106945298, 85.24892440073755, 3.8106945298094654]
[0.0, 18.449781659388645, 81.55021834061135]


[97.08454810495627, 2.9154518950437316, 0.0]
[11.520737327188941, 83.60763660302831, 4.871626069782752]
[0.0, 22.52577319587629, 77.47422680412372]


[94.29735234215886, 5.7026476578411405, 0.0]
[6.662870159453304, 93.05239179954442, 0.2847380410022779]
[0.0, 44.95176848874598, 55.048231511254016]


[90.86229086229086, 9.137709137709138, 0.0]
[1.5537190082644627, 98.44628099173553, 0.0]
[0, 0, 0]


[64.07142857142857, 35.92857142857143, 0.0]
[12.531223980016653, 87.46877601998335, 0.0]
[0, 0, 0]


[78.68357487922705, 21.316425120772948, 0.0]
[15.983224603914259, 84.01677539608573, 0.0]
[0, 0, 0]


[97.25325884543761, 2.7467411545623834, 0.0]
[18.25876662636034, 81.74123337363966, 0.0]
[0, 0, 0]


[99.53850591289299, 0.4614940871070089, 0.0]
[100.0, 0.0, 0.0]
[0, 0, 0]


[99.99999999999999, 0.0, 0.0]
[0, 0, 0]
[0, 0, 0]


[99.99999999999999, 0.0, 0.0]
[0, 0, 0]
[0, 0, 0]
total by number and percent
[18698, 1126, 0]
[3004, 17055, 513]
[89, 3190, 24761]
[94.32001614205004, 5.67998385794996, 0.0]
[14.602372156328991, 82.90394711258021, 2.493680731090803]
[0.3174037089871612, 11.37660485021398, 88.30599144079886]
total accuracy
0.8842422117014437
-------------------folder , length of x_test, y_test-------------------------
123 927 927
number by successful floor
0,0
1,0
2,0
3,0
4,0
5,0
6,1
7,2
8,10
9,15
10,33
11,46
12,45
13,68
14,45
15,59
16,82
17,155
18,366
each floor by number


[0, 25, 0]
[0, 259, 52]
[0, 9, 582]


[0, 21, 2]
[0, 188, 52]
[0, 6, 658]


[98, 19, 5]
[23, 73, 55]
[0, 2, 652]


[114, 24, 0]
[20, 127, 29]
[0, 4, 609]


[131, 14, 0]
[31, 125, 74]
[0, 15, 537]


[150, 3, 0]
[55, 114, 77]
[11, 17, 500]


[153, 7, 0]
[69, 130, 71]
[2, 27, 468]


[172, 12, 0]
[50, 133, 53]
[0, 30, 477]


[157, 17, 0]
[58, 115, 37]
[0, 33, 510]


[156, 14, 0]
[57, 87, 48]
[0, 46, 519]


[156, 13, 0]
[81, 170, 17]
[0, 92, 398]


[174, 14, 0]
[87, 652, 0]
[0, 0, 0]


[208, 7, 0]
[78, 619, 0]
[0, 15, 0]


[225, 4, 0]
[84, 614, 0]
[0, 0, 0]


[274, 0, 0]
[139, 514, 0]
[0, 0, 0]


[693, 0, 0]
[234, 0, 0]
[0, 0, 0]


[927, 0, 0]
[0, 0, 0]
[0, 0, 0]


[927, 0, 0]
[0, 0, 0]
[0, 0, 0]
each floor by percent


[0.0, 100.0, 0.0]
[0.0, 83.27974276527331, 16.720257234726688]
[0.0, 1.5228426395939085, 98.47715736040608]


[0.0, 91.30434782608695, 8.695652173913043]
[0.0, 78.33333333333334, 21.666666666666668]
[0.0, 0.9036144578313253, 99.09638554216868]


[80.32786885245902, 15.573770491803279, 4.098360655737705]
[15.2317880794702, 48.34437086092715, 36.42384105960265]
[0.0, 0.3058103975535168, 99.69418960244649]


[82.60869565217392, 17.39130434782609, 0.0]
[11.363636363636363, 72.1590909090909, 16.477272727272727]
[0.0, 0.6525285481239804, 99.34747145187602]


[90.3448275862069, 9.655172413793103, 0.0]
[13.478260869565219, 54.34782608695652, 32.173913043478265]
[0.0, 2.717391304347826, 97.28260869565219]


[98.0392156862745, 1.9607843137254901, 0.0]
[22.357723577235774, 46.34146341463415, 31.30081300813008]
[2.083333333333333, 3.2196969696969697, 94.69696969696969]


[95.625, 4.375, 0.0]
[25.555555555555554, 48.148148148148145, 26.296296296296294]
[0.4024144869215292, 5.432595573440644, 94.16498993963783]


[93.47826086956522, 6.521739130434782, 0.0]
[21.186440677966104, 56.355932203389834, 22.45762711864407]
[0.0, 5.9171597633136095, 94.08284023668638]


[90.22988505747126, 9.770114942528735, 0.0]
[27.619047619047617, 54.76190476190476, 17.619047619047617]
[0.0, 6.077348066298343, 93.92265193370166]


[91.76470588235294, 8.23529411764706, 0.0]
[29.6875, 45.3125, 25.0]
[0.0, 8.141592920353983, 91.85840707964601]


[92.3076923076923, 7.6923076923076925, 0.0]
[30.223880597014922, 63.43283582089552, 6.343283582089552]
[0.0, 18.77551020408163, 81.22448979591836]


[92.55319148936171, 7.446808510638299, 0.0]
[11.772665764546685, 88.22733423545331, 0.0]
[0, 0, 0]


[96.74418604651163, 3.255813953488372, 0.0]
[11.190817790530847, 88.80918220946916, 0.0]
[0.0, 100.0, 0.0]


[98.2532751091703, 1.7467248908296944, 0.0]
[12.034383954154727, 87.96561604584527, 0.0]
[0, 0, 0]


[99.99999999999999, 0.0, 0.0]
[21.28637059724349, 78.71362940275651, 0.0]
[0, 0, 0]


[100.0, 0.0, 0.0]
[100.0, 0.0, 0.0]
[0, 0, 0]


[100.0, 0.0, 0.0]
[0, 0, 0]
[0, 0, 0]


[100.0, 0.0, 0.0]
[0, 0, 0]
[0, 0, 0]
total by number and percent
[4715, 194, 7]
[1066, 3920, 565]
[13, 296, 5910]
[95.9113100081367, 3.946297803091945, 0.14239218877135884]
[19.20374707259953, 70.61790668348046, 10.178346243920014]
[0.20903682264029586, 4.75960765396366, 95.03135552339604]
total accuracy
0.8716888409445044
-------------------folder , length of x_test, y_test-------------------------
124 1256 1256
number by successful floor
0,0
1,0
2,0
3,0
4,0
5,0
6,4
7,3
8,13
9,16
10,25
11,22
12,37
13,57
14,91
15,186
16,250
17,240
18,312
each floor by number


[0, 29, 0]
[0, 255, 13]
[0, 98, 861]


[0, 29, 0]
[0, 178, 17]
[0, 68, 964]


[71, 28, 1]
[42, 100, 40]
[6, 36, 932]


[116, 36, 1]
[49, 154, 139]
[0, 18, 743]


[176, 30, 1]
[60, 192, 180]
[0, 36, 581]


[203, 20, 0]
[83, 234, 134]
[13, 45, 524]


[236, 26, 0]
[83, 273, 57]
[0, 75, 506]


[280, 41, 0]
[51, 273, 76]
[0, 68, 467]


[244, 30, 0]
[58, 305, 82]
[0, 53, 484]


[238, 28, 0]
[66, 283, 72]
[0, 59, 510]


[261, 29, 0]
[70, 450, 56]
[0, 73, 317]


[298, 16, 0]
[96, 846, 0]
[0, 0, 0]


[386, 4, 0]
[97, 769, 0]
[0, 0, 0]


[485, 11, 0]
[75, 685, 0]
[0, 0, 0]


[661, 18, 0]
[97, 480, 0]
[0, 0, 0]


[1197, 9, 0]
[50, 0, 0]
[0, 0, 0]


[1256, 0, 0]
[0, 0, 0]
[0, 0, 0]


[1256, 0, 0]
[0, 0, 0]
[0, 0, 0]
each floor by percent


[0.0, 100.0, 0.0]
[0.0, 95.14925373134328, 4.850746268656716]
[0.0, 10.218978102189782, 89.78102189781022]


[0.0, 100.0, 0.0]
[0.0, 91.28205128205128, 8.717948717948719]
[0.0, 6.589147286821706, 93.41085271317829]


[71.0, 28.0, 1.0]
[23.076923076923077, 54.94505494505494, 21.978021978021978]
[0.6160164271047228, 3.6960985626283365, 95.68788501026694]


[75.81699346405229, 23.52941176470588, 0.6535947712418301]
[14.32748538011696, 45.02923976608187, 40.643274853801174]
[0.0, 2.3653088042049935, 97.634691195795]


[85.02415458937199, 14.492753623188406, 0.48309178743961356]
[13.888888888888888, 44.44444444444444, 41.666666666666664]
[0.0, 5.834683954619125, 94.16531604538088]


[91.03139013452915, 8.968609865470851, 0.0]
[18.403547671840357, 51.884700665188475, 29.711751662971178]
[2.2336769759450172, 7.731958762886598, 90.03436426116838]


[90.07633587786259, 9.923664122137405, 0.0]
[20.09685230024213, 66.10169491525424, 13.801452784503633]
[0.0, 12.908777969018933, 87.09122203098107]


[87.22741433021807, 12.772585669781932, 0.0]
[12.75, 68.25, 19.0]
[0.0, 12.710280373831777, 87.28971962616824]


[89.05109489051094, 10.94890510948905, 0.0]
[13.03370786516854, 68.53932584269663, 18.426966292134832]
[0.0, 9.869646182495345, 90.13035381750466]


[89.47368421052632, 10.526315789473683, 0.0]
[15.676959619952495, 67.2209026128266, 17.102137767220903]
[0.0, 10.369068541300527, 89.63093145869946]


[90.0, 10.0, 0.0]
[12.152777777777779, 78.125, 9.722222222222223]
[0.0, 18.71794871794872, 81.28205128205128]


[94.90445859872611, 5.095541401273885, 0.0]
[10.19108280254777, 89.80891719745223, 0.0]
[0, 0, 0]


[98.97435897435898, 1.0256410256410258, 0.0]
[11.200923787528868, 88.79907621247114, 0.0]
[0, 0, 0]


[97.78225806451613, 2.217741935483871, 0.0]
[9.868421052631579, 90.13157894736842, 0.0]
[0, 0, 0]


[97.34904270986745, 2.6509572901325478, 0.0]
[16.811091854419413, 83.1889081455806, 0.0]
[0, 0, 0]


[99.25373134328358, 0.7462686567164178, 0.0]
[100.0, 0.0, 0.0]
[0, 0, 0]


[100.0, 0.0, 0.0]
[0, 0, 0]
[0, 0, 0]


[100.0, 0.0, 0.0]
[0, 0, 0]
[0, 0, 0]
total by number and percent
[7364, 384, 3]
[977, 5477, 866]
[19, 629, 6889]
[95.00709585859889, 4.954199458134434, 0.03870468326667527]
[13.346994535519126, 74.8224043715847, 11.830601092896174]
[0.25208969085843175, 8.345495555260714, 91.40241475388085]
total accuracy
0.8726999292285916
-------------------folder , length of x_test, y_test-------------------------
125 1009 1009
number by successful floor
0,0
1,0
2,0
3,1
4,0
5,9
6,10
7,21
8,20
9,23
10,35
11,41
12,67
13,99
14,76
15,104
16,157
17,139
18,207
each floor by number


[0, 25, 0]
[0, 384, 18]
[0, 64, 518]


[0, 25, 0]
[0, 243, 21]
[0, 117, 603]


[90, 39, 2]
[57, 89, 39]
[4, 96, 593]


[137, 12, 0]
[91, 145, 27]
[9, 61, 527]


[166, 8, 0]
[111, 186, 38]
[0, 56, 444]


[175, 6, 0]
[139, 231, 24]
[1, 85, 348]


[191, 6, 0]
[144, 264, 21]
[1, 96, 286]


[226, 12, 0]
[150, 246, 11]
[1, 109, 254]


[218, 13, 0]
[141, 212, 2]
[1, 152, 270]


[216, 15, 0]
[131, 171, 1]
[6, 187, 282]


[249, 14, 0]
[142, 221, 0]
[1, 259, 123]


[299, 10, 0]
[155, 540, 0]
[0, 5, 0]


[385, 5, 0]
[139, 480, 0]
[0, 0, 0]


[445, 4, 0]
[141, 419, 0]
[0, 0, 0]


[647, 8, 0]
[135, 219, 0]
[0, 0, 0]


[976, 1, 0]
[29, 3, 0]
[0, 0, 0]


[1009, 0, 0]
[0, 0, 0]
[0, 0, 0]


[1009, 0, 0]
[0, 0, 0]
[0, 0, 0]
each floor by percent


[0.0, 100.0, 0.0]
[0.0, 95.5223880597015, 4.477611940298508]
[0.0, 10.996563573883162, 89.00343642611683]


[0.0, 100.0, 0.0]
[0.0, 92.04545454545455, 7.954545454545454]
[0.0, 16.25, 83.75]


[68.70229007633587, 29.770992366412212, 1.5267175572519083]
[30.81081081081081, 48.108108108108105, 21.08108108108108]
[0.5772005772005773, 13.852813852813853, 85.56998556998558]


[91.94630872483222, 8.053691275167786, 0.0]
[34.60076045627377, 55.133079847908746, 10.26615969581749]
[1.5075376884422111, 10.217755443886098, 88.2747068676717]


[95.40229885057471, 4.597701149425287, 0.0]
[33.134328358208954, 55.52238805970149, 11.343283582089551]
[0.0, 11.2, 88.8]


[96.68508287292818, 3.314917127071823, 0.0]
[35.27918781725889, 58.629441624365484, 6.091370558375635]
[0.2304147465437788, 19.5852534562212, 80.18433179723503]


[96.95431472081218, 3.0456852791878175, 0.0]
[33.56643356643357, 61.53846153846154, 4.895104895104895]
[0.2610966057441253, 25.065274151436032, 74.67362924281984]


[94.95798319327731, 5.042016806722689, 0.0]
[36.85503685503685, 60.44226044226044, 2.7027027027027026]
[0.2747252747252747, 29.945054945054945, 69.78021978021978]


[94.37229437229438, 5.627705627705628, 0.0]
[39.71830985915493, 59.718309859154935, 0.5633802816901409]
[0.23640661938534277, 35.9338061465721, 63.82978723404255]


[93.5064935064935, 6.4935064935064934, 0.0]
[43.23432343234324, 56.43564356435644, 0.33003300330033003]
[1.263157894736842, 39.36842105263158, 59.36842105263158]


[94.67680608365019, 5.32319391634981, 0.0]
[39.11845730027548, 60.88154269972452, 0.0]
[0.2610966057441253, 67.62402088772846, 32.114882506527415]


[96.76375404530745, 3.236245954692557, 0.0]
[22.302158273381295, 77.6978417266187, 0.0]
[0.0, 100.0, 0.0]


[98.71794871794872, 1.2820512820512822, 0.0]
[22.45557350565428, 77.54442649434571, 0.0]
[0, 0, 0]


[99.10913140311804, 0.8908685968819599, 0.0]
[25.17857142857143, 74.82142857142857, 0.0]
[0, 0, 0]


[98.77862595419847, 1.2213740458015268, 0.0]
[38.13559322033898, 61.86440677966102, 0.0]
[0, 0, 0]


[99.89764585465711, 0.1023541453428864, 0.0]
[90.625, 9.375, 0.0]
[0, 0, 0]


[100.0, 0.0, 0.0]
[0, 0, 0]
[0, 0, 0]


[100.0, 0.0, 0.0]
[0, 0, 0]
[0, 0, 0]
total by number and percent
[6438, 203, 2]
[1705, 4053, 202]
[24, 1287, 4248]
[96.91404485925034, 3.0558482613277134, 0.030106879421947914]
[28.607382550335572, 68.00335570469798, 3.389261744966443]
[0.4317323259579061, 23.151645979492713, 76.41662169454938]
total accuracy
0.8115295672282788
-------------------folder , length of x_test, y_test-------------------------
126 890 890
number by successful floor
0,0
1,0
2,0
3,0
4,0
5,0
6,0
7,5
8,4
9,5
10,7
11,17
12,42
13,47
14,127
15,193
16,217
17,114
18,112
each floor by number


[0, 37, 0]
[0, 240, 24]
[0, 53, 536]


[0, 37, 0]
[0, 151, 3]
[0, 50, 649]


[86, 18, 1]
[37, 66, 27]
[2, 21, 632]


[106, 18, 0]
[50, 86, 76]
[1, 21, 532]


[161, 12, 0]
[45, 133, 157]
[0, 18, 364]


[191, 25, 2]
[32, 258, 183]
[0, 23, 176]


[202, 17, 0]
[33, 406, 166]
[0, 7, 59]


[225, 19, 0]
[23, 484, 102]
[0, 10, 27]


[210, 20, 0]
[32, 419, 132]
[0, 1, 76]


[204, 23, 0]
[32, 423, 33]
[0, 9, 166]


[230, 52, 0]
[47, 418, 0]
[0, 25, 118]


[277, 59, 0]
[48, 387, 0]
[0, 41, 78]


[332, 91, 0]
[71, 325, 12]
[0, 15, 44]


[376, 109, 0]
[95, 308, 0]
[0, 2, 0]


[618, 0, 0]
[117, 155, 0]
[0, 0, 0]


[778, 3, 0]
[18, 91, 0]
[0, 0, 0]


[890, 0, 0]
[0, 0, 0]
[0, 0, 0]


[890, 0, 0]
[0, 0, 0]
[0, 0, 0]
each floor by percent


[0.0, 100.0, 0.0]
[0.0, 90.9090909090909, 9.09090909090909]
[0.0, 8.998302207130731, 91.00169779286928]


[0.0, 100.0, 0.0]
[0.0, 98.05194805194805, 1.948051948051948]
[0.0, 7.15307582260372, 92.84692417739628]


[81.9047619047619, 17.142857142857142, 0.9523809523809523]
[28.46153846153846, 50.76923076923077, 20.76923076923077]
[0.3053435114503817, 3.2061068702290076, 96.48854961832062]


[85.48387096774194, 14.516129032258064, 0.0]
[23.58490566037736, 40.56603773584906, 35.84905660377358]
[0.18050541516245489, 3.7906137184115525, 96.028880866426]


[93.0635838150289, 6.936416184971098, 0.0]
[13.432835820895521, 39.701492537313435, 46.865671641791046]
[0.0, 4.712041884816754, 95.28795811518324]


[87.61467889908256, 11.467889908256879, 0.9174311926605504]
[6.765327695560253, 54.54545454545454, 38.689217758985194]
[0.0, 11.557788944723619, 88.44221105527639]


[92.23744292237443, 7.762557077625571, 0.0]
[5.454545454545455, 67.10743801652893, 27.43801652892562]
[0.0, 10.606060606060606, 89.39393939393939]


[92.21311475409836, 7.786885245901639, 0.0]
[3.776683087027915, 79.47454844006569, 16.748768472906406]
[0.0, 27.027027027027028, 72.97297297297297]


[91.30434782608697, 8.695652173913045, 0.0]
[5.4888507718696395, 71.8696397941681, 22.641509433962263]
[0.0, 1.2987012987012987, 98.7012987012987]


[89.86784140969164, 10.13215859030837, 0.0]
[6.557377049180328, 86.68032786885246, 6.762295081967213]
[0.0, 5.142857142857143, 94.85714285714286]


[81.56028368794327, 18.43971631205674, 0.0]
[10.10752688172043, 89.89247311827957, 0.0]
[0.0, 17.482517482517483, 82.51748251748252]


[82.44047619047619, 17.55952380952381, 0.0]
[11.03448275862069, 88.96551724137932, 0.0]
[0.0, 34.45378151260504, 65.54621848739497]


[78.4869976359338, 21.513002364066192, 0.0]
[17.401960784313726, 79.65686274509804, 2.941176470588235]
[0.0, 25.423728813559322, 74.57627118644068]


[77.5257731958763, 22.474226804123713, 0.0]
[23.57320099255583, 76.42679900744416, 0.0]
[0.0, 100.0, 0.0]


[100.0, 0.0, 0.0]
[43.014705882352935, 56.98529411764706, 0.0]
[0, 0, 0]


[99.61587708066581, 0.38412291933418696, 0.0]
[16.513761467889907, 83.48623853211008, 0.0]
[0, 0, 0]


[100.0, 0.0, 0.0]
[0, 0, 0]
[0, 0, 0]


[100.0, 0.0, 0.0]
[0, 0, 0]
[0, 0, 0]
total by number and percent
[5776, 540, 3]
[680, 4350, 915]
[3, 296, 3457]
[91.4068681753442, 8.545655958221237, 0.04747586643456243]
[11.438183347350716, 73.17073170731707, 15.391084945332212]
[0.07987220447284345, 7.880724174653887, 92.03940362087327]
total accuracy
0.8478776529338327
-------------------folder , length of x_test, y_test-------------------------
127 1597 1597
number by successful floor
0,0
1,0
2,0
3,0
4,5
5,7
6,18
7,19
8,20
9,25
10,19
11,18
12,34
13,48
14,60
15,78
16,166
17,371
18,709
each floor by number


[0, 23, 0]
[0, 294, 16]
[0, 109, 1155]


[0, 23, 0]
[0, 208, 40]
[0, 89, 1237]


[120, 32, 2]
[34, 51, 48]
[15, 75, 1220]


[151, 19, 0]
[50, 103, 19]
[11, 79, 1165]


[185, 18, 0]
[53, 136, 41]
[21, 78, 1065]


[196, 23, 0]
[71, 217, 38]
[21, 77, 954]


[206, 13, 0]
[95, 311, 43]
[17, 73, 839]


[229, 29, 0]
[104, 407, 59]
[7, 50, 712]


[199, 18, 0]
[112, 440, 59]
[4, 51, 714]


[199, 18, 0]
[111, 466, 69]
[3, 28, 703]


[250, 32, 0]
[111, 627, 127]
[0, 20, 430]


[324, 44, 0]
[110, 1119, 0]
[0, 0, 0]


[463, 49, 0]
[74, 1011, 0]
[0, 0, 0]


[572, 61, 0]
[53, 911, 0]
[0, 0, 0]


[858, 57, 0]
[33, 649, 0]
[0, 0, 0]


[1453, 33, 0]
[18, 93, 0]
[0, 0, 0]


[1597, 0, 0]
[0, 0, 0]
[0, 0, 0]


[1597, 0, 0]
[0, 0, 0]
[0, 0, 0]
each floor by percent


[0.0, 100.0, 0.0]
[0.0, 94.83870967741935, 5.161290322580645]
[0.0, 8.623417721518987, 91.37658227848101]


[0.0, 100.0, 0.0]
[0.0, 83.87096774193549, 16.129032258064516]
[0.0, 6.711915535444947, 93.28808446455506]


[77.92207792207792, 20.77922077922078, 1.2987012987012987]
[25.563909774436087, 38.34586466165413, 36.090225563909776]
[1.1450381679389314, 5.7251908396946565, 93.12977099236642]


[88.82352941176471, 11.176470588235295, 0.0]
[29.069767441860467, 59.883720930232556, 11.046511627906977]
[0.8764940239043825, 6.294820717131474, 92.82868525896414]


[91.13300492610838, 8.866995073891626, 0.0]
[23.043478260869566, 59.1304347826087, 17.826086956521742]
[1.804123711340206, 6.701030927835051, 91.49484536082474]


[89.49771689497717, 10.502283105022832, 0.0]
[21.77914110429448, 66.56441717791411, 11.656441717791411]
[1.9961977186311788, 7.319391634980989, 90.68441064638783]


[94.06392694063928, 5.936073059360731, 0.0]
[21.15812917594655, 69.26503340757237, 9.57683741648107]
[1.829924650161464, 7.857911733046287, 90.31216361679226]


[88.75968992248062, 11.24031007751938, 0.0]
[18.24561403508772, 71.40350877192982, 10.350877192982455]
[0.9102730819245773, 6.501950585175552, 92.58777633289986]


[91.70506912442397, 8.294930875576037, 0.0]
[18.330605564648117, 72.01309328968902, 9.656301145662848]
[0.5201560468140441, 6.631989596879063, 92.84785435630688]


[91.70506912442397, 8.294930875576037, 0.0]
[17.18266253869969, 72.13622291021672, 10.681114551083592]
[0.4087193460490463, 3.8147138964577656, 95.77656675749319]


[88.65248226950355, 11.347517730496454, 0.0]
[12.83236994219653, 72.48554913294798, 14.68208092485549]
[0.0, 4.444444444444445, 95.55555555555556]


[88.04347826086956, 11.956521739130434, 0.0]
[8.950366151342555, 91.04963384865745, 0.0]
[0, 0, 0]


[90.4296875, 9.5703125, 0.0]
[6.820276497695853, 93.17972350230416, 0.0]
[0, 0, 0]


[90.36334913112164, 9.636650868878357, 0.0]
[5.4979253112033195, 94.50207468879667, 0.0]
[0, 0, 0]


[93.77049180327869, 6.229508196721311, 0.0]
[4.838709677419355, 95.16129032258064, 0.0]
[0, 0, 0]


[97.7792732166891, 2.220726783310902, 0.0]
[16.216216216216214, 83.78378378378378, 0.0]
[0, 0, 0]


[100.0, 0.0, 0.0]
[0, 0, 0]
[0, 0, 0]


[100.0, 0.0, 0.0]
[0, 0, 0]
[0, 0, 0]
total by number and percent
[8599, 492, 2]
[1029, 7043, 559]
[99, 729, 10194]
[94.5672495326075, 5.410755526228967, 0.021994941163532386]
[11.922141119221411, 81.60120495886919, 6.476653921909397]
[0.8982035928143712, 6.6140446379967335, 92.48775176918889]
total accuracy
0.8987685243164266
-------------------folder , length of x_test, y_test-------------------------
128 615 615
number by successful floor
0,0
1,0
2,0
3,0
4,0
5,5
6,2
7,6
8,7
9,12
10,22
11,17
12,22
13,41
14,45
15,43
16,105
17,104
18,184
each floor by number


[0, 33, 0]
[0, 156, 36]
[0, 21, 369]


[0, 33, 0]
[0, 88, 19]
[0, 44, 431]


[62, 12, 6]
[37, 28, 20]
[2, 24, 424]


[83, 13, 5]
[32, 55, 32]
[2, 13, 380]


[104, 10, 2]
[40, 57, 58]
[1, 19, 324]


[109, 12, 0]
[50, 89, 67]
[0, 15, 273]


[114, 13, 0]
[51, 114, 81]
[0, 16, 226]


[125, 10, 0]
[43, 119, 46]
[0, 21, 251]


[123, 5, 0]
[37, 124, 52]
[0, 21, 253]


[120, 6, 0]
[39, 105, 53]
[0, 18, 274]


[141, 1, 0]
[41, 196, 53]
[0, 17, 166]


[163, 3, 0]
[32, 384, 0]
[0, 16, 17]


[192, 12, 0]
[32, 351, 0]
[0, 13, 15]


[207, 33, 0]
[31, 344, 0]
[0, 0, 0]


[311, 52, 0]
[41, 211, 0]
[0, 0, 0]


[553, 0, 0]
[41, 21, 0]
[0, 0, 0]


[615, 0, 0]
[0, 0, 0]
[0, 0, 0]


[615, 0, 0]
[0, 0, 0]
[0, 0, 0]
each floor by percent


[0.0, 100.0, 0.0]
[0.0, 81.25, 18.75]
[0.0, 5.384615384615385, 94.61538461538461]


[0.0, 100.0, 0.0]
[0.0, 82.2429906542056, 17.75700934579439]
[0.0, 9.263157894736842, 90.73684210526316]


[77.5, 15.0, 7.5]
[43.529411764705884, 32.94117647058824, 23.529411764705884]
[0.4444444444444444, 5.333333333333333, 94.22222222222223]


[82.17821782178218, 12.871287128712872, 4.9504950495049505]
[26.89075630252101, 46.21848739495798, 26.89075630252101]
[0.5063291139240506, 3.291139240506329, 96.20253164556962]


[89.65517241379311, 8.620689655172415, 1.7241379310344829]
[25.806451612903224, 36.774193548387096, 37.41935483870968]
[0.29069767441860467, 5.523255813953488, 94.18604651162791]


[90.08264462809917, 9.917355371900827, 0.0]
[24.271844660194173, 43.20388349514563, 32.52427184466019]
[0.0, 5.208333333333334, 94.79166666666667]


[89.76377952755905, 10.236220472440944, 0.0]
[20.73170731707317, 46.34146341463415, 32.926829268292686]
[0.0, 6.6115702479338845, 93.38842975206612]


[92.59259259259258, 7.4074074074074066, 0.0]
[20.673076923076923, 57.21153846153846, 22.115384615384613]
[0.0, 7.720588235294117, 92.27941176470587]


[96.09375, 3.90625, 0.0]
[17.370892018779344, 58.21596244131456, 24.413145539906104]
[0.0, 7.664233576642335, 92.33576642335765]


[95.23809523809524, 4.761904761904762, 0.0]
[19.79695431472081, 53.299492385786806, 26.903553299492387]
[0.0, 6.164383561643835, 93.83561643835617]


[99.29577464788733, 0.7042253521126761, 0.0]
[14.13793103448276, 67.58620689655173, 18.27586206896552]
[0.0, 9.289617486338797, 90.7103825136612]


[98.19277108433735, 1.8072289156626506, 0.0]
[7.692307692307692, 92.3076923076923, 0.0]
[0.0, 48.484848484848484, 51.515151515151516]


[94.11764705882352, 5.88235294117647, 0.0]
[8.35509138381201, 91.64490861618799, 0.0]
[0.0, 46.42857142857142, 53.57142857142857]


[86.25, 13.75, 0.0]
[8.266666666666667, 91.73333333333333, 0.0]
[0, 0, 0]


[85.67493112947659, 14.325068870523417, 0.0]
[16.26984126984127, 83.73015873015873, 0.0]
[0, 0, 0]


[100.0, 0.0, 0.0]
[66.12903225806451, 33.87096774193549, 0.0]
[0, 0, 0]


[100.0, 0.0, 0.0]
[0, 0, 0]
[0, 0, 0]


[100.0, 0.0, 0.0]
[0, 0, 0]
[0, 0, 0]
total by number and percent
[3637, 248, 13]
[547, 2442, 517]
[5, 258, 3403]
[93.30425859415085, 6.362237044638276, 0.3335043612108774]
[15.601825442099258, 69.65202509982886, 14.746149458071876]
[0.13638843426077468, 7.037643207855973, 92.82596835788326]
total accuracy
0.8565492321589883
-------------------folder , length of x_test, y_test-------------------------
129 709 709
number by successful floor
0,0
1,0
2,0
3,0
4,0
5,0
6,0
7,3
8,8
9,11
10,21
11,48
12,47
13,93
14,135
15,160
16,127
17,24
18,32
each floor by number


[0, 36, 0]
[0, 254, 161]
[0, 17, 241]


[0, 34, 0]
[0, 195, 125]
[0, 12, 343]


[101, 63, 0]
[2, 68, 47]
[0, 31, 397]


[127, 38, 0]
[15, 82, 46]
[1, 46, 354]


[174, 16, 0]
[33, 85, 66]
[0, 41, 294]


[173, 6, 0]
[49, 163, 99]
[0, 114, 105]


[197, 5, 0]
[28, 362, 104]
[0, 0, 13]


[198, 15, 0]
[31, 236, 216]
[0, 0, 13]


[113, 12, 0]
[105, 161, 130]
[0, 0, 188]


[113, 12, 0]
[104, 72, 0]
[0, 46, 362]


[113, 12, 0]
[110, 131, 1]
[0, 35, 307]


[136, 11, 0]
[107, 260, 1]
[0, 132, 62]


[168, 3, 0]
[102, 369, 4]
[0, 60, 3]


[195, 0, 0]
[102, 412, 0]
[0, 0, 0]


[283, 6, 0]
[74, 346, 0]
[0, 0, 0]


[600, 88, 0]
[7, 14, 0]
[0, 0, 0]


[709, 0, 0]
[0, 0, 0]
[0, 0, 0]


[709, 0, 0]
[0, 0, 0]
[0, 0, 0]
each floor by percent


[0.0, 100.0, 0.0]
[0.0, 61.20481927710843, 38.795180722891565]
[0.0, 6.589147286821706, 93.41085271317829]


[0.0, 99.99999999999999, 0.0]
[0.0, 60.9375, 39.0625]
[0.0, 3.3802816901408455, 96.61971830985917]


[61.58536585365854, 38.41463414634146, 0.0]
[1.7094017094017095, 58.119658119658126, 40.17094017094017]
[0.0, 7.242990654205607, 92.75700934579439]


[76.96969696969697, 23.03030303030303, 0.0]
[10.48951048951049, 57.34265734265735, 32.16783216783217]
[0.24937655860349128, 11.471321695760599, 88.27930174563592]


[91.57894736842105, 8.421052631578947, 0.0]
[17.934782608695652, 46.19565217391304, 35.869565217391305]
[0.0, 12.238805970149253, 87.76119402985074]


[96.64804469273743, 3.35195530726257, 0.0]
[15.755627009646302, 52.41157556270097, 31.832797427652736]
[0.0, 52.054794520547944, 47.945205479452056]


[97.52475247524752, 2.4752475247524752, 0.0]
[5.668016194331983, 73.27935222672065, 21.052631578947366]
[0.0, 0.0, 100.0]


[92.95774647887325, 7.042253521126761, 0.0]
[6.418219461697722, 48.86128364389234, 44.72049689440994]
[0.0, 0.0, 100.0]


[90.4, 9.6, 0.0]
[26.515151515151516, 40.656565656565654, 32.82828282828283]
[0.0, 0.0, 100.0]


[90.4, 9.6, 0.0]
[59.09090909090909, 40.90909090909091, 0.0]
[0.0, 11.274509803921568, 88.72549019607843]


[90.4, 9.6, 0.0]
[45.45454545454545, 54.13223140495868, 0.4132231404958678]
[0.0, 10.23391812865497, 89.76608187134504]


[92.51700680272108, 7.482993197278912, 0.0]
[29.07608695652174, 70.65217391304347, 0.2717391304347826]
[0.0, 68.04123711340206, 31.95876288659794]


[98.24561403508773, 1.7543859649122808, 0.0]
[21.473684210526315, 77.6842105263158, 0.8421052631578947]
[0.0, 95.23809523809524, 4.761904761904762]


[100.0, 0.0, 0.0]
[19.844357976653697, 80.1556420233463, 0.0]
[0, 0, 0]


[97.92387543252595, 2.0761245674740483, 0.0]
[17.619047619047617, 82.38095238095238, 0.0]
[0, 0, 0]


[87.20930232558139, 12.790697674418604, 0.0]
[33.333333333333336, 66.66666666666667, 0.0]
[0, 0, 0]


[100.0, 0.0, 0.0]
[0, 0, 0]
[0, 0, 0]


[100.0, 0.0, 0.0]
[0, 0, 0]
[0, 0, 0]
total by number and percent
[4109, 357, 0]
[869, 3210, 1000]
[1, 534, 2682]
[92.00626959247649, 7.993730407523511, 0.0]
[17.10966725733412, 63.201417601890135, 19.688915140775745]
[0.031084861672365557, 16.599316133043207, 83.36959900528443]
total accuracy
0.7836545995925404
-------------------folder , length of x_test, y_test-------------------------
130 124 124
number by successful floor
0,0
1,0
2,0
3,3
4,1
5,0
6,1
7,0
8,0
9,0
10,0
11,0
12,0
13,2
14,4
15,2
16,52
17,24
18,35
each floor by number


[0, 48, 0]
[0, 72, 4]
[0, 0, 0]


[0, 47, 1]
[0, 70, 6]
[0, 0, 0]


[72, 19, 9]
[15, 7, 2]
[0, 0, 0]


[100, 19, 5]
[0, 0, 0]
[0, 0, 0]


[115, 5, 4]
[0, 0, 0]
[0, 0, 0]


[118, 2, 4]
[0, 0, 0]
[0, 0, 0]


[119, 2, 3]
[0, 0, 0]
[0, 0, 0]


[119, 4, 1]
[0, 0, 0]
[0, 0, 0]


[119, 3, 2]
[0, 0, 0]
[0, 0, 0]


[119, 1, 4]
[0, 0, 0]
[0, 0, 0]


[119, 5, 0]
[0, 0, 0]
[0, 0, 0]


[119, 5, 0]
[0, 0, 0]
[0, 0, 0]


[120, 4, 0]
[0, 0, 0]
[0, 0, 0]


[120, 4, 0]
[0, 0, 0]
[0, 0, 0]


[121, 3, 0]
[0, 0, 0]
[0, 0, 0]


[124, 0, 0]
[0, 0, 0]
[0, 0, 0]


[124, 0, 0]
[0, 0, 0]
[0, 0, 0]


[124, 0, 0]
[0, 0, 0]
[0, 0, 0]
each floor by percent


[0.0, 100.0, 0.0]
[0.0, 94.73684210526315, 5.2631578947368425]
[0, 0, 0]


[0.0, 97.91666666666667, 2.0833333333333335]
[0.0, 92.10526315789474, 7.894736842105263]
[0, 0, 0]


[72.0, 19.0, 9.0]
[62.5, 29.166666666666668, 8.333333333333334]
[0, 0, 0]


[80.64516129032258, 15.32258064516129, 4.032258064516129]
[0, 0, 0]
[0, 0, 0]


[92.74193548387098, 4.032258064516129, 3.2258064516129035]
[0, 0, 0]
[0, 0, 0]


[95.16129032258064, 1.6129032258064517, 3.2258064516129035]
[0, 0, 0]
[0, 0, 0]


[95.96774193548387, 1.6129032258064517, 2.4193548387096775]
[0, 0, 0]
[0, 0, 0]


[95.96774193548387, 3.2258064516129035, 0.8064516129032259]
[0, 0, 0]
[0, 0, 0]


[95.96774193548387, 2.4193548387096775, 1.6129032258064517]
[0, 0, 0]
[0, 0, 0]


[95.96774193548387, 0.8064516129032259, 3.2258064516129035]
[0, 0, 0]
[0, 0, 0]


[95.96774193548387, 4.032258064516129, 0.0]
[0, 0, 0]
[0, 0, 0]


[95.96774193548387, 4.032258064516129, 0.0]
[0, 0, 0]
[0, 0, 0]


[96.7741935483871, 3.2258064516129035, 0.0]
[0, 0, 0]
[0, 0, 0]


[96.7741935483871, 3.2258064516129035, 0.0]
[0, 0, 0]
[0, 0, 0]


[97.58064516129032, 2.4193548387096775, 0.0]
[0, 0, 0]
[0, 0, 0]


[100.0, 0.0, 0.0]
[0, 0, 0]
[0, 0, 0]


[100.0, 0.0, 0.0]
[0, 0, 0]
[0, 0, 0]


[100.0, 0.0, 0.0]
[0, 0, 0]
[0, 0, 0]
total by number and percent
[1852, 171, 33]
[15, 149, 12]
[0, 0, 0]
[90.07782101167315, 8.317120622568094, 1.605058365758755]
[8.522727272727273, 84.6590909090909, 6.818181818181818]
[nan, nan, nan]
total accuracy
0.896505376344086
-------------------folder , length of x_test, y_test-------------------------
131 26 26
number by successful floor
0,0
1,0
2,0
3,0
4,0
5,0
6,0
7,0
8,0
9,0
10,0
11,0
12,0
13,0
14,2
15,0
16,24
17,0
18,0
each floor by number


[0, 26, 0]
[0, 0, 0]
[0, 0, 0]


[0, 26, 0]
[0, 0, 0]
[0, 0, 0]


[24, 2, 0]
[0, 0, 0]
[0, 0, 0]


[24, 2, 0]
[0, 0, 0]
[0, 0, 0]


[26, 0, 0]
[0, 0, 0]
[0, 0, 0]


[26, 0, 0]
[0, 0, 0]
[0, 0, 0]


[26, 0, 0]
[0, 0, 0]
[0, 0, 0]


[26, 0, 0]
[0, 0, 0]
[0, 0, 0]


[26, 0, 0]
[0, 0, 0]
[0, 0, 0]


[26, 0, 0]
[0, 0, 0]
[0, 0, 0]


[26, 0, 0]
[0, 0, 0]
[0, 0, 0]


[26, 0, 0]
[0, 0, 0]
[0, 0, 0]


[26, 0, 0]
[0, 0, 0]
[0, 0, 0]


[26, 0, 0]
[0, 0, 0]
[0, 0, 0]


[26, 0, 0]
[0, 0, 0]
[0, 0, 0]


[26, 0, 0]
[0, 0, 0]
[0, 0, 0]


[26, 0, 0]
[0, 0, 0]
[0, 0, 0]


[26, 0, 0]
[0, 0, 0]
[0, 0, 0]
each floor by percent


[0.0, 100.0, 0.0]
[0, 0, 0]
[0, 0, 0]


[0.0, 100.0, 0.0]
[0, 0, 0]
[0, 0, 0]


[92.3076923076923, 7.692307692307692, 0.0]
[0, 0, 0]
[0, 0, 0]


[92.3076923076923, 7.692307692307692, 0.0]
[0, 0, 0]
[0, 0, 0]


[100.0, 0.0, 0.0]
[0, 0, 0]
[0, 0, 0]


[100.0, 0.0, 0.0]
[0, 0, 0]
[0, 0, 0]


[100.0, 0.0, 0.0]
[0, 0, 0]
[0, 0, 0]


[100.0, 0.0, 0.0]
[0, 0, 0]
[0, 0, 0]


[100.0, 0.0, 0.0]
[0, 0, 0]
[0, 0, 0]


[100.0, 0.0, 0.0]
[0, 0, 0]
[0, 0, 0]


[100.0, 0.0, 0.0]
[0, 0, 0]
[0, 0, 0]


[100.0, 0.0, 0.0]
[0, 0, 0]
[0, 0, 0]


[100.0, 0.0, 0.0]
[0, 0, 0]
[0, 0, 0]


[100.0, 0.0, 0.0]
[0, 0, 0]
[0, 0, 0]


[100.0, 0.0, 0.0]
[0, 0, 0]
[0, 0, 0]


[100.0, 0.0, 0.0]
[0, 0, 0]
[0, 0, 0]


[100.0, 0.0, 0.0]
[0, 0, 0]
[0, 0, 0]


[100.0, 0.0, 0.0]
[0, 0, 0]
[0, 0, 0]
total by number and percent
[412, 56, 0]
[0, 0, 0]
[0, 0, 0]
[88.03418803418803, 11.965811965811966, 0.0]
[nan, nan, nan]
[nan, nan, nan]
total accuracy
0.8803418803418803
-------------------folder , length of x_test, y_test-------------------------
132 2202 2202
number by successful floor
0,0
1,0
2,0
3,0
4,0
5,0
6,0
7,0
8,2
9,1
10,6
11,21
12,56
13,124
14,124
15,129
16,272
17,907
18,560
each floor by number


[0, 30, 0]
[0, 284, 21]
[0, 0, 1867]


[0, 30, 0]
[0, 226, 8]
[0, 7, 1931]


[194, 4, 0]
[31, 28, 63]
[1, 4, 1877]


[195, 3, 0]
[35, 48, 39]
[2, 6, 1874]


[203, 4, 0]
[39, 145, 41]
[0, 254, 1516]


[241, 18, 0]
[4, 365, 18]
[0, 274, 1282]


[243, 16, 0]
[8, 658, 37]
[0, 97, 1143]


[260, 4, 0]
[9, 807, 45]
[0, 38, 1039]


[256, 59, 0]
[8, 755, 47]
[0, 38, 1039]


[255, 60, 0]
[8, 725, 77]
[0, 85, 992]


[271, 49, 0]
[64, 997, 187]
[0, 308, 326]


[379, 53, 0]
[240, 1530, 0]
[0, 0, 0]


[536, 8, 0]
[322, 1336, 0]
[0, 0, 0]


[700, 12, 0]
[241, 1249, 0]
[0, 0, 0]


[1158, 186, 0]
[89, 769, 0]
[0, 0, 0]


[2019, 11, 0]
[172, 0, 0]
[0, 0, 0]


[2202, 0, 0]
[0, 0, 0]
[0, 0, 0]


[2202, 0, 0]
[0, 0, 0]
[0, 0, 0]
each floor by percent


[0.0, 100.0, 0.0]
[0.0, 93.11475409836066, 6.885245901639345]
[0.0, 0.0, 99.99999999999999]


[0.0, 100.0, 0.0]
[0.0, 96.5811965811966, 3.418803418803419]
[0.0, 0.36119711042311664, 99.6388028895769]


[97.97979797979798, 2.0202020202020203, 0.0]
[25.40983606557377, 22.950819672131146, 51.63934426229508]
[0.053134962805526036, 0.21253985122210414, 99.73432518597237]


[98.48484848484848, 1.5151515151515151, 0.0]
[28.688524590163937, 39.34426229508197, 31.9672131147541]
[0.10626992561105207, 0.3188097768331562, 99.57492029755579]


[98.06763285024155, 1.9323671497584543, 0.0]
[17.333333333333332, 64.44444444444444, 18.22222222222222]
[0.0, 14.350282485875708, 85.64971751412429]


[93.05019305019306, 6.94980694980695, 0.0]
[1.0335917312661498, 94.31524547803618, 4.651162790697675]
[0.0, 17.60925449871465, 82.39074550128534]


[93.82239382239382, 6.177606177606178, 0.0]
[1.1379800853485063, 93.59886201991465, 5.263157894736842]
[0.0, 7.82258064516129, 92.1774193548387]


[98.48484848484848, 1.5151515151515151, 0.0]
[1.0452961672473868, 93.72822299651568, 5.226480836236934]
[0.0, 3.528319405756732, 96.47168059424327]


[81.26984126984127, 18.73015873015873, 0.0]
[0.9876543209876544, 93.20987654320989, 5.802469135802469]
[0.0, 3.528319405756732, 96.47168059424327]


[80.95238095238095, 19.047619047619047, 0.0]
[0.9876543209876544, 89.50617283950618, 9.506172839506172]
[0.0, 7.892293407613742, 92.10770659238626]


[84.6875, 15.3125, 0.0]
[5.128205128205128, 79.88782051282051, 14.983974358974358]
[0.0, 48.58044164037855, 51.419558359621455]


[87.73148148148148, 12.268518518518517, 0.0]
[13.559322033898306, 86.4406779661017, 0.0]
[0, 0, 0]


[98.52941176470587, 1.4705882352941175, 0.0]
[19.420989143546443, 80.57901085645356, 0.0]
[0, 0, 0]


[98.31460674157303, 1.6853932584269662, 0.0]
[16.174496644295303, 83.8255033557047, 0.0]
[0, 0, 0]


[86.16071428571429, 13.839285714285715, 0.0]
[10.372960372960373, 89.62703962703962, 0.0]
[0, 0, 0]


[99.45812807881774, 0.541871921182266, 0.0]
[100.0, 0.0, 0.0]
[0, 0, 0]


[100.0, 0.0, 0.0]
[0, 0, 0]
[0, 0, 0]


[100.0, 0.0, 0.0]
[0, 0, 0]
[0, 0, 0]
total by number and percent
[11314, 547, 0]
[1270, 9922, 583]
[3, 1111, 14886]
[95.38824719669505, 4.611752803304949, 0.0]
[10.78556263269639, 84.26326963906581, 4.951167728237792]
[0.01875, 6.94375, 93.0375]
total accuracy
0.9113432233323242
-------------------folder , length of x_test, y_test-------------------------
133 880 880
number by successful floor
0,0
1,0
2,0
3,0
4,0
5,0
6,1
7,1
8,1
9,20
10,27
11,8
12,13
13,35
14,62
15,122
16,176
17,259
18,155
each floor by number


[0, 19, 0]
[0, 138, 23]
[0, 48, 652]


[0, 19, 0]
[0, 95, 12]
[0, 37, 717]


[55, 10, 3]
[36, 24, 15]
[6, 15, 716]


[74, 12, 1]
[41, 38, 25]
[0, 18, 671]


[93, 8, 2]
[52, 90, 22]
[0, 20, 593]


[100, 11, 0]
[55, 183, 51]
[0, 71, 409]


[128, 9, 0]
[32, 348, 91]
[0, 2, 270]


[152, 11, 0]
[20, 398, 115]
[0, 0, 184]


[155, 24, 0]
[14, 391, 112]
[0, 0, 184]


[155, 25, 0]
[14, 440, 126]
[0, 0, 120]


[182, 80, 0]
[5, 532, 81]
[0, 0, 0]


[221, 158, 0]
[11, 490, 0]
[0, 0, 0]


[289, 183, 0]
[24, 384, 0]
[0, 0, 0]


[411, 141, 0]
[8, 320, 0]
[0, 0, 0]


[709, 19, 0]
[26, 126, 0]
[0, 0, 0]


[880, 0, 0]
[0, 0, 0]
[0, 0, 0]


[880, 0, 0]
[0, 0, 0]
[0, 0, 0]


[880, 0, 0]
[0, 0, 0]
[0, 0, 0]
each floor by percent


[0.0, 100.0, 0.0]
[0.0, 85.71428571428571, 14.285714285714285]
[0.0, 6.857142857142857, 93.14285714285714]


[0.0, 100.0, 0.0]
[0.0, 88.78504672897196, 11.214953271028037]
[0.0, 4.907161803713528, 95.09283819628646]


[80.88235294117646, 14.705882352941176, 4.411764705882352]
[48.0, 32.0, 20.0]
[0.8141112618724559, 2.03527815468114, 97.15061058344641]


[85.05747126436782, 13.793103448275863, 1.1494252873563218]
[39.42307692307692, 36.53846153846154, 24.038461538461537]
[0.0, 2.6124818577648767, 97.38751814223512]


[90.29126213592232, 7.766990291262136, 1.941747572815534]
[31.707317073170735, 54.87804878048781, 13.414634146341465]
[0.0, 3.2626427406199023, 96.7373572593801]


[90.09009009009009, 9.909909909909908, 0.0]
[19.03114186851211, 63.32179930795847, 17.64705882352941]
[0.0, 14.791666666666668, 85.20833333333334]


[93.43065693430657, 6.56934306569343, 0.0]
[6.794055201698514, 73.88535031847134, 19.32059447983015]
[0.0, 0.7352941176470588, 99.26470588235293]


[93.25153374233129, 6.748466257668712, 0.0]
[3.75234521575985, 74.671669793621, 21.575984990619137]
[0.0, 0.0, 100.0]


[86.59217877094972, 13.40782122905028, 0.0]
[2.7079303675048356, 75.62862669245648, 21.663442940038685]
[0.0, 0.0, 100.0]


[86.11111111111111, 13.88888888888889, 0.0]
[2.413793103448276, 75.86206896551724, 21.724137931034484]
[0.0, 0.0, 100.0]


[69.46564885496183, 30.534351145038165, 0.0]
[0.8090614886731392, 86.08414239482201, 13.106796116504855]
[0, 0, 0]


[58.31134564643799, 41.68865435356201, 0.0]
[2.19560878243513, 97.80439121756487, 0.0]
[0, 0, 0]


[61.228813559322035, 38.771186440677965, 0.0]
[5.88235294117647, 94.11764705882352, 0.0]
[0, 0, 0]


[74.45652173913044, 25.543478260869566, 0.0]
[2.4390243902439024, 97.5609756097561, 0.0]
[0, 0, 0]


[97.39010989010988, 2.60989010989011, 0.0]
[17.105263157894736, 82.89473684210526, 0.0]
[0, 0, 0]


[99.99999999999999, 0.0, 0.0]
[0, 0, 0]
[0, 0, 0]


[99.99999999999999, 0.0, 0.0]
[0, 0, 0]
[0, 0, 0]


