total test length
23158
-------------------folder , length of x_test, y_test-------------------------
121 140 140
number by successful floor
0,0
1,0
2,0
3,0
4,0
5,0
6,0
7,0
8,0
9,0
10,0
11,1
12,5
13,2
14,9
15,15
16,40
17,29
18,39
each floor by number


[0, 30, 0]
[0, 110, 0]
[0, 0, 0]


[0, 30, 0]
[0, 93, 17]
[0, 0, 0]


[65, 12, 23]
[20, 11, 9]
[0, 0, 0]


[95, 15, 0]
[26, 3, 1]
[0, 0, 0]


[116, 4, 0]
[20, 0, 0]
[0, 0, 0]


[129, 1, 0]
[10, 0, 0]
[0, 0, 0]


[140, 0, 0]
[0, 0, 0]
[0, 0, 0]


[140, 0, 0]
[0, 0, 0]
[0, 0, 0]


[132, 8, 0]
[0, 0, 0]
[0, 0, 0]


[132, 8, 0]
[0, 0, 0]
[0, 0, 0]


[137, 3, 0]
[0, 0, 0]
[0, 0, 0]


[140, 0, 0]
[0, 0, 0]
[0, 0, 0]


[140, 0, 0]
[0, 0, 0]
[0, 0, 0]


[140, 0, 0]
[0, 0, 0]
[0, 0, 0]


[140, 0, 0]
[0, 0, 0]
[0, 0, 0]


[140, 0, 0]
[0, 0, 0]
[0, 0, 0]


[140, 0, 0]
[0, 0, 0]
[0, 0, 0]


[140, 0, 0]
[0, 0, 0]
[0, 0, 0]
each floor by percent


[0.0, 100.0, 0.0]
[0.0, 99.99999999999999, 0.0]
[0, 0, 0]


[0.0, 100.0, 0.0]
[0.0, 84.54545454545453, 15.454545454545453]
[0, 0, 0]


[65.0, 12.0, 23.0]
[50.0, 27.5, 22.5]
[0, 0, 0]


[86.36363636363636, 13.636363636363635, 0.0]
[86.66666666666667, 10.0, 3.3333333333333335]
[0, 0, 0]


[96.66666666666667, 3.3333333333333335, 0.0]
[100.0, 0.0, 0.0]
[0, 0, 0]


[99.23076923076923, 0.7692307692307692, 0.0]
[100.0, 0.0, 0.0]
[0, 0, 0]


[100.0, 0.0, 0.0]
[0, 0, 0]
[0, 0, 0]


[100.0, 0.0, 0.0]
[0, 0, 0]
[0, 0, 0]


[94.28571428571429, 5.714285714285714, 0.0]
[0, 0, 0]
[0, 0, 0]


[94.28571428571429, 5.714285714285714, 0.0]
[0, 0, 0]
[0, 0, 0]


[97.85714285714286, 2.142857142857143, 0.0]
[0, 0, 0]
[0, 0, 0]


[100.0, 0.0, 0.0]
[0, 0, 0]
[0, 0, 0]


[100.0, 0.0, 0.0]
[0, 0, 0]
[0, 0, 0]


[100.0, 0.0, 0.0]
[0, 0, 0]
[0, 0, 0]


[100.0, 0.0, 0.0]
[0, 0, 0]
[0, 0, 0]


[100.0, 0.0, 0.0]
[0, 0, 0]
[0, 0, 0]


[100.0, 0.0, 0.0]
[0, 0, 0]
[0, 0, 0]


[100.0, 0.0, 0.0]
[0, 0, 0]
[0, 0, 0]
total by number and percent
[2066, 111, 23]
[76, 217, 27]
[0, 0, 0]
[93.9090909090909, 5.045454545454546, 1.0454545454545454]
[23.75, 67.8125, 8.4375]
[nan, nan, nan]
total accuracy
0.905952380952381
-------------------folder , length of x_test, y_test-------------------------
122 3802 3802
number by successful floor
0,0
1,0
2,0
3,0
4,0
5,0
6,48
7,145
8,127
9,88
10,18
11,17
12,84
13,161
14,117
15,405
16,844
17,666
18,1082
each floor by number


[0, 25, 0]
[0, 389, 2]
[0, 462, 2924]


[0, 25, 0]
[0, 235, 5]
[0, 453, 3084]


[156, 13, 9]
[126, 20, 12]
[187, 97, 3182]


[180, 4, 1]
[265, 19, 18]
[202, 117, 2996]


[253, 1, 0]
[372, 57, 60]
[132, 58, 2869]


[260, 0, 0]
[554, 141, 224]
[6, 36, 2581]


[329, 0, 0]
[490, 983, 319]
[0, 27, 1654]


[339, 0, 0]
[479, 1193, 145]
[0, 56, 1590]


[340, 3, 0]
[430, 1055, 142]
[0, 225, 1607]


[340, 3, 0]
[429, 947, 143]
[0, 349, 1591]


[475, 16, 0]
[316, 1369, 71]
[0, 605, 950]


[731, 46, 0]
[110, 2915, 0]
[0, 0, 0]


[899, 501, 0]
[0, 2402, 0]
[0, 0, 0]


[1009, 647, 0]
[202, 1944, 0]
[0, 0, 0]


[2034, 114, 0]
[173, 1481, 0]
[0, 0, 0]


[3467, 0, 0]
[335, 0, 0]
[0, 0, 0]


[3802, 0, 0]
[0, 0, 0]
[0, 0, 0]


[3802, 0, 0]
[0, 0, 0]
[0, 0, 0]
each floor by percent


[0.0, 100.0, 0.0]
[0.0, 99.48849104859335, 0.5115089514066496]
[0.0, 13.644418192557591, 86.3555818074424]


[0.0, 100.0, 0.0]
[0.0, 97.91666666666667, 2.0833333333333335]
[0.0, 12.807463952502122, 87.19253604749788]


[87.64044943820224, 7.303370786516854, 5.056179775280899]
[79.74683544303797, 12.658227848101266, 7.594936708860759]
[5.3952683208309296, 2.7986151182919796, 91.8061165608771]


[97.29729729729729, 2.162162162162162, 0.5405405405405405]
[87.74834437086092, 6.291390728476821, 5.960264900662252]
[6.093514328808447, 3.5294117647058827, 90.37707390648568]


[99.60629921259843, 0.39370078740157477, 0.0]
[76.07361963190185, 11.656441717791411, 12.269938650306749]
[4.315135665250081, 1.8960444589735208, 93.7888198757764]


[100.0, 0.0, 0.0]
[60.2829162132753, 15.342763873775844, 24.37431991294886]
[0.2287457110179184, 1.3724742661075104, 98.39878002287458]


[100.0, 0.0, 0.0]
[27.343749999999996, 54.85491071428571, 17.801339285714285]
[0.0, 1.606186793575253, 98.39381320642475]


[100.0, 0.0, 0.0]
[26.362135388002198, 65.65767749036873, 7.980187121629058]
[0.0, 3.402187120291616, 96.59781287970839]


[99.12536443148687, 0.8746355685131195, 0.0]
[26.42901044867855, 64.84326982175784, 8.727719729563614]
[0.0, 12.281659388646288, 87.71834061135371]


[99.12536443148687, 0.8746355685131195, 0.0]
[28.242264647794602, 62.343647136273866, 9.414088215931534]
[0.0, 17.989690721649485, 82.01030927835052]


[96.74134419551935, 3.2586558044806515, 0.0]
[17.995444191343964, 77.9612756264237, 4.043280182232347]
[0.0, 38.90675241157556, 61.09324758842443]


[94.07979407979408, 5.9202059202059205, 0.0]
[3.6363636363636362, 96.36363636363636, 0.0]
[0, 0, 0]


[64.21428571428571, 35.785714285714285, 0.0]
[0.0, 100.0, 0.0]
[0, 0, 0]


[60.92995169082126, 39.070048309178745, 0.0]
[9.412861136999068, 90.58713886300093, 0.0]
[0, 0, 0]


[94.6927374301676, 5.307262569832402, 0.0]
[10.459492140266022, 89.54050785973398, 0.0]
[0, 0, 0]


[100.0, 0.0, 0.0]
[100.0, 0.0, 0.0]
[0, 0, 0]


[99.99999999999999, 0.0, 0.0]
[0, 0, 0]
[0, 0, 0]


[99.99999999999999, 0.0, 0.0]
[0, 0, 0]
[0, 0, 0]
total by number and percent
[18416, 1398, 10]
[4281, 15150, 1141]
[527, 2485, 25028]
[92.89749798224375, 7.052058111380146, 0.050443906376109765]
[20.80983861559401, 73.64378767256466, 5.546373711841338]
[1.8794579172610557, 8.862339514978602, 89.25820256776034]
total accuracy
0.8561868022678123
-------------------folder , length of x_test, y_test-------------------------
123 927 927
number by successful floor
0,0
1,0
2,0
3,0
4,0
5,0
6,10
7,14
8,31
9,32
10,37
11,68
12,83
13,47
14,24
15,38
16,47
17,177
18,319
each floor by number


[0, 25, 0]
[0, 251, 60]
[0, 6, 585]


[0, 21, 2]
[0, 165, 75]
[0, 4, 660]


[69, 32, 21]
[17, 29, 105]
[0, 0, 654]


[126, 12, 0]
[45, 60, 71]
[0, 7, 606]


[145, 0, 0]
[90, 38, 102]
[0, 8, 544]


[153, 0, 0]
[108, 35, 103]
[1, 16, 511]


[160, 0, 0]
[107, 57, 106]
[0, 57, 440]


[180, 4, 0]
[80, 83, 73]
[0, 72, 435]


[161, 13, 0]
[71, 95, 44]
[0, 74, 469]


[160, 10, 0]
[69, 75, 48]
[2, 102, 461]


[160, 9, 0]
[75, 155, 38]
[0, 127, 363]


[171, 17, 0]
[83, 656, 0]
[0, 0, 0]


[200, 15, 0]
[82, 615, 0]
[0, 15, 0]


[221, 8, 0]
[106, 592, 0]
[0, 0, 0]


[274, 0, 0]
[186, 467, 0]
[0, 0, 0]


[693, 0, 0]
[234, 0, 0]
[0, 0, 0]


[927, 0, 0]
[0, 0, 0]
[0, 0, 0]


[927, 0, 0]
[0, 0, 0]
[0, 0, 0]
each floor by percent


[0.0, 100.0, 0.0]
[0.0, 80.70739549839229, 19.292604501607716]
[0.0, 1.015228426395939, 98.98477157360406]


[0.0, 91.30434782608695, 8.695652173913043]
[0.0, 68.75, 31.25]
[0.0, 0.6024096385542169, 99.3975903614458]


[56.55737704918033, 26.229508196721312, 17.21311475409836]
[11.258278145695364, 19.205298013245034, 69.5364238410596]
[0.0, 0.0, 100.0]


[91.30434782608697, 8.695652173913045, 0.0]
[25.568181818181817, 34.09090909090909, 40.34090909090909]
[0.0, 1.1419249592169658, 98.85807504078304]


[100.0, 0.0, 0.0]
[39.130434782608695, 16.521739130434785, 44.34782608695652]
[0.0, 1.4492753623188408, 98.55072463768117]


[100.0, 0.0, 0.0]
[43.90243902439025, 14.227642276422765, 41.86991869918699]
[0.1893939393939394, 3.0303030303030303, 96.78030303030303]


[100.0, 0.0, 0.0]
[39.629629629629626, 21.11111111111111, 39.25925925925926]
[0.0, 11.468812877263582, 88.53118712273643]


[97.82608695652173, 2.1739130434782608, 0.0]
[33.898305084745765, 35.16949152542373, 30.93220338983051]
[0.0, 14.201183431952662, 85.79881656804733]


[92.52873563218391, 7.471264367816092, 0.0]
[33.80952380952381, 45.238095238095234, 20.952380952380953]
[0.0, 13.627992633517495, 86.3720073664825]


[94.11764705882354, 5.882352941176471, 0.0]
[35.9375, 39.0625, 25.0]
[0.35398230088495575, 18.05309734513274, 81.5929203539823]


[94.67455621301775, 5.325443786982249, 0.0]
[27.98507462686567, 57.83582089552238, 14.17910447761194]
[0.0, 25.918367346938773, 74.08163265306122]


[90.95744680851064, 9.042553191489363, 0.0]
[11.231393775372124, 88.76860622462787, 0.0]
[0, 0, 0]


[93.0232558139535, 6.976744186046512, 0.0]
[11.764705882352942, 88.23529411764706, 0.0]
[0.0, 100.0, 0.0]


[96.5065502183406, 3.493449781659389, 0.0]
[15.186246418338108, 84.81375358166189, 0.0]
[0, 0, 0]


[99.99999999999999, 0.0, 0.0]
[28.483920367534456, 71.51607963246555, 0.0]
[0, 0, 0]


[100.0, 0.0, 0.0]
[100.0, 0.0, 0.0]
[0, 0, 0]


[100.0, 0.0, 0.0]
[0, 0, 0]
[0, 0, 0]


[100.0, 0.0, 0.0]
[0, 0, 0]
[0, 0, 0]
total by number and percent
[4727, 166, 23]
[1353, 3373, 825]
[3, 488, 5728]
[96.1554109031733, 3.3767290480065095, 0.467860048820179]
[24.373986669068636, 60.76382633759683, 14.862186993334534]
[0.0482392667631452, 7.846920726804953, 92.1048400064319]
total accuracy
0.8287186863238644
-------------------folder , length of x_test, y_test-------------------------
124 1256 1256
number by successful floor
0,0
1,0
2,0
3,0
4,0
5,3
6,6
7,8
8,20
9,24
10,26
11,44
12,43
13,62
14,86
15,171
16,260
17,184
18,319
each floor by number


[0, 29, 0]
[0, 257, 11]
[0, 82, 877]


[0, 29, 0]
[0, 144, 51]
[0, 53, 979]


[52, 20, 28]
[34, 35, 113]
[8, 7, 959]


[117, 26, 10]
[62, 52, 228]
[10, 14, 737]


[179, 16, 12]
[82, 65, 285]
[6, 12, 599]


[209, 8, 6]
[108, 149, 194]
[0, 6, 576]


[226, 36, 0]
[92, 219, 102]
[0, 21, 560]


[251, 70, 0]
[57, 232, 111]
[0, 32, 503]


[216, 58, 0]
[57, 267, 121]
[0, 37, 500]


[210, 56, 0]
[62, 258, 101]
[0, 43, 526]


[231, 59, 0]
[54, 421, 101]
[0, 34, 356]


[267, 47, 0]
[60, 882, 0]
[0, 0, 0]


[355, 35, 0]
[38, 828, 0]
[0, 0, 0]


[459, 37, 0]
[44, 716, 0]
[0, 0, 0]


[632, 47, 0]
[48, 529, 0]
[0, 0, 0]


[1206, 0, 0]
[50, 0, 0]
[0, 0, 0]


[1256, 0, 0]
[0, 0, 0]
[0, 0, 0]


[1256, 0, 0]
[0, 0, 0]
[0, 0, 0]
each floor by percent


[0.0, 100.0, 0.0]
[0.0, 95.89552238805969, 4.104477611940299]
[0.0, 8.550573514077163, 91.44942648592284]


[0.0, 100.0, 0.0]
[0.0, 73.84615384615385, 26.153846153846153]
[0.0, 5.135658914728682, 94.86434108527132]


[52.0, 20.0, 28.0]
[18.681318681318682, 19.23076923076923, 62.08791208791209]
[0.8213552361396304, 0.7186858316221766, 98.4599589322382]


[76.47058823529412, 16.99346405228758, 6.5359477124183005]
[18.128654970760234, 15.2046783625731, 66.66666666666667]
[1.314060446780552, 1.8396846254927726, 96.84625492772668]


[86.47342995169083, 7.729468599033817, 5.797101449275363]
[18.98148148148148, 15.046296296296296, 65.97222222222221]
[0.9724473257698542, 1.9448946515397083, 97.08265802269044]


[93.72197309417041, 3.587443946188341, 2.690582959641256]
[23.94678492239468, 33.03769401330377, 43.01552106430155]
[0.0, 1.0309278350515463, 98.96907216494844]


[86.25954198473282, 13.740458015267174, 0.0]
[22.276029055690074, 53.026634382566584, 24.69733656174334]
[0.0, 3.6144578313253013, 96.3855421686747]


[78.19314641744549, 21.806853582554517, 0.0]
[14.25, 58.0, 27.75]
[0.0, 5.981308411214954, 94.01869158878505]


[78.83211678832116, 21.16788321167883, 0.0]
[12.808988764044944, 60.0, 27.191011235955056]
[0.0, 6.890130353817504, 93.10986964618249]


[78.94736842105263, 21.052631578947366, 0.0]
[14.726840855106888, 61.28266033254157, 23.990498812351543]
[0.0, 7.5571177504393665, 92.44288224956063]


[79.65517241379311, 20.344827586206897, 0.0]
[9.375, 73.09027777777779, 17.53472222222222]
[0.0, 8.717948717948719, 91.28205128205128]


[85.03184713375796, 14.968152866242038, 0.0]
[6.369426751592357, 93.63057324840764, 0.0]
[0, 0, 0]


[91.02564102564102, 8.974358974358974, 0.0]
[4.387990762124711, 95.61200923787528, 0.0]
[0, 0, 0]


[92.54032258064517, 7.459677419354839, 0.0]
[5.7894736842105265, 94.21052631578948, 0.0]
[0, 0, 0]


[93.0780559646539, 6.9219440353460975, 0.0]
[8.31889081455806, 91.68110918544195, 0.0]
[0, 0, 0]


[100.0, 0.0, 0.0]
[100.0, 0.0, 0.0]
[0, 0, 0]


[100.0, 0.0, 0.0]
[0, 0, 0]
[0, 0, 0]


[100.0, 0.0, 0.0]
[0, 0, 0]
[0, 0, 0]
total by number and percent
[7122, 573, 56]
[848, 5054, 1418]
[24, 341, 7172]
[91.88491807508709, 7.392594503934976, 0.7224874209779383]
[11.584699453551913, 69.04371584699453, 19.371584699453553]
[0.318429083189598, 4.524346556985538, 95.15722435982487]
total accuracy
0.8558032554847842
-------------------folder , length of x_test, y_test-------------------------
125 1009 1009
number by successful floor
0,0
1,0
2,0
3,0
4,2
5,14
6,23
7,49
8,14
9,34
10,45
11,46
12,49
13,57
14,77
15,94
16,177
17,172
18,156
each floor by number


[0, 25, 0]
[0, 377, 25]
[0, 59, 523]


[0, 25, 0]
[0, 198, 66]
[0, 97, 623]


[92, 13, 26]
[72, 24, 89]
[56, 12, 625]


[124, 25, 0]
[144, 49, 70]
[38, 12, 547]


[164, 10, 0]
[188, 62, 85]
[17, 15, 468]


[179, 2, 0]
[244, 65, 85]
[1, 40, 393]


[196, 1, 0]
[228, 157, 44]
[0, 67, 316]


[234, 4, 0]
[181, 201, 25]
[0, 65, 299]


[216, 15, 0]
[160, 187, 8]
[0, 104, 319]


[216, 15, 0]
[157, 144, 2]
[2, 152, 321]


[239, 24, 0]
[153, 209, 1]
[0, 284, 99]


[280, 29, 0]
[144, 551, 0]
[0, 5, 0]


[370, 20, 0]
[113, 506, 0]
[0, 0, 0]


[440, 9, 0]
[135, 425, 0]
[0, 0, 0]


[645, 10, 0]
[118, 236, 0]
[0, 0, 0]


[977, 0, 0]
[32, 0, 0]
[0, 0, 0]


[1009, 0, 0]
[0, 0, 0]
[0, 0, 0]


[1009, 0, 0]
[0, 0, 0]
[0, 0, 0]
each floor by percent


[0.0, 100.0, 0.0]
[0.0, 93.7810945273632, 6.218905472636816]
[0.0, 10.137457044673539, 89.86254295532646]


[0.0, 100.0, 0.0]
[0.0, 75.0, 25.0]
[0.0, 13.472222222222221, 86.52777777777777]


[70.22900763358778, 9.923664122137405, 19.84732824427481]
[38.91891891891892, 12.972972972972972, 48.108108108108105]
[8.080808080808081, 1.7316017316017316, 90.18759018759019]


[83.22147651006712, 16.778523489932887, 0.0]
[54.752851711026615, 18.631178707224336, 26.615969581749052]
[6.365159128978225, 2.0100502512562817, 91.62479061976549]


[94.25287356321839, 5.747126436781609, 0.0]
[56.11940298507462, 18.507462686567163, 25.37313432835821]
[3.4, 3.0, 93.6]


[98.89502762430939, 1.1049723756906078, 0.0]
[61.92893401015228, 16.497461928934012, 21.573604060913706]
[0.2304147465437788, 9.216589861751153, 90.55299539170507]


[99.49238578680203, 0.5076142131979695, 0.0]
[53.14685314685315, 36.5967365967366, 10.256410256410255]
[0.0, 17.493472584856395, 82.50652741514361]


[98.31932773109244, 1.680672268907563, 0.0]
[44.47174447174447, 49.385749385749385, 6.142506142506142]
[0.0, 17.857142857142858, 82.14285714285714]


[93.5064935064935, 6.4935064935064934, 0.0]
[45.07042253521127, 52.67605633802817, 2.2535211267605635]
[0.0, 24.586288416075647, 75.41371158392434]


[93.5064935064935, 6.4935064935064934, 0.0]
[51.81518151815182, 47.524752475247524, 0.6600660066006601]
[0.42105263157894735, 32.0, 67.57894736842105]


[90.8745247148289, 9.125475285171103, 0.0]
[42.14876033057851, 57.57575757575758, 0.27548209366391185]
[0.0, 74.15143603133158, 25.848563968668408]


[90.61488673139159, 9.385113268608414, 0.0]
[20.719424460431654, 79.28057553956835, 0.0]
[0.0, 100.0, 0.0]


[94.87179487179488, 5.128205128205129, 0.0]
[18.25525040387722, 81.74474959612277, 0.0]
[0, 0, 0]


[97.99554565701558, 2.0044543429844097, 0.0]
[24.107142857142858, 75.89285714285715, 0.0]
[0, 0, 0]


[98.4732824427481, 1.5267175572519085, 0.0]
[33.333333333333336, 66.66666666666667, 0.0]
[0, 0, 0]


[100.0, 0.0, 0.0]
[100.0, 0.0, 0.0]
[0, 0, 0]


[100.0, 0.0, 0.0]
[0, 0, 0]
[0, 0, 0]


[100.0, 0.0, 0.0]
[0, 0, 0]
[0, 0, 0]
total by number and percent
[6390, 227, 26]
[2069, 3391, 500]
[114, 912, 4533]
[96.19147975312359, 3.4171308143910886, 0.3913894324853229]
[34.714765100671144, 56.895973154362416, 8.389261744966444]
[2.050728548300054, 16.405828386400433, 81.54344306529951]
total accuracy
0.788129060676137
-------------------folder , length of x_test, y_test-------------------------
126 890 890
number by successful floor
0,0
1,0
2,0
3,15
4,9
5,4
6,1
7,2
8,9
9,30
10,32
11,39
12,44
13,67
14,99
15,138
16,216
17,104
18,81
each floor by number


[0, 37, 0]
[0, 222, 42]
[0, 61, 528]


[0, 37, 0]
[0, 139, 15]
[0, 69, 630]


[94, 6, 5]
[67, 9, 54]
[36, 2, 617]


[119, 5, 0]
[95, 20, 97]
[27, 5, 522]


[165, 5, 3]
[88, 52, 195]
[16, 0, 366]


[191, 12, 15]
[100, 127, 246]
[0, 0, 199]


[199, 13, 7]
[88, 315, 202]
[0, 8, 58]


[221, 23, 0]
[67, 377, 165]
[0, 6, 31]


[201, 29, 0]
[69, 377, 137]
[0, 4, 73]


[197, 30, 0]
[72, 377, 39]
[0, 22, 153]


[231, 51, 0]
[55, 410, 0]
[0, 25, 118]


[257, 79, 0]
[50, 385, 0]
[0, 119, 0]


[310, 113, 0]
[57, 351, 0]
[0, 59, 0]


[407, 78, 0]
[92, 311, 0]
[0, 2, 0]


[618, 0, 0]
[138, 134, 0]
[0, 0, 0]


[781, 0, 0]
[32, 77, 0]
[0, 0, 0]


[890, 0, 0]
[0, 0, 0]
[0, 0, 0]


[890, 0, 0]
[0, 0, 0]
[0, 0, 0]
each floor by percent


[0.0, 100.0, 0.0]
[0.0, 84.0909090909091, 15.909090909090908]
[0.0, 10.35653650254669, 89.64346349745331]


[0.0, 100.0, 0.0]
[0.0, 90.25974025974025, 9.74025974025974]
[0.0, 9.871244635193133, 90.12875536480686]


[89.52380952380952, 5.714285714285714, 4.761904761904762]
[51.53846153846154, 6.9230769230769225, 41.53846153846154]
[5.4961832061068705, 0.3053435114503817, 94.19847328244275]


[95.96774193548387, 4.032258064516129, 0.0]
[44.81132075471698, 9.433962264150942, 45.75471698113207]
[4.873646209386282, 0.9025270758122743, 94.22382671480145]


[95.37572254335261, 2.8901734104046244, 1.7341040462427746]
[26.268656716417908, 15.522388059701493, 58.208955223880594]
[4.18848167539267, 0.0, 95.81151832460733]


[87.61467889908256, 5.504587155963303, 6.880733944954128]
[21.14164904862579, 26.849894291754755, 52.00845665961945]
[0.0, 0.0, 100.0]


[90.86757990867581, 5.936073059360731, 3.1963470319634704]
[14.545454545454547, 52.06611570247934, 33.388429752066116]
[0.0, 12.121212121212121, 87.87878787878788]


[90.57377049180329, 9.426229508196721, 0.0]
[11.001642036124794, 61.904761904761905, 27.093596059113302]
[0.0, 16.216216216216218, 83.78378378378379]


[87.3913043478261, 12.608695652173914, 0.0]
[11.835334476843911, 64.6655231560892, 23.499142367066895]
[0.0, 5.194805194805195, 94.8051948051948]


[86.78414096916299, 13.215859030837004, 0.0]
[14.754098360655737, 77.25409836065575, 7.991803278688525]
[0.0, 12.571428571428571, 87.42857142857143]


[81.91489361702128, 18.085106382978726, 0.0]
[11.82795698924731, 88.17204301075269, 0.0]
[0.0, 17.482517482517483, 82.51748251748252]


[76.48809523809524, 23.511904761904763, 0.0]
[11.49425287356322, 88.50574712643679, 0.0]
[0.0, 100.0, 0.0]


[73.28605200945626, 26.713947990543733, 0.0]
[13.970588235294118, 86.02941176470588, 0.0]
[0.0, 100.0, 0.0]


[83.91752577319588, 16.082474226804123, 0.0]
[22.828784119106697, 77.1712158808933, 0.0]
[0.0, 100.0, 0.0]


[100.0, 0.0, 0.0]
[50.73529411764706, 49.264705882352935, 0.0]
[0, 0, 0]


[100.0, 0.0, 0.0]
[29.357798165137613, 70.64220183486238, 0.0]
[0, 0, 0]


[100.0, 0.0, 0.0]
[0, 0, 0]
[0, 0, 0]


[100.0, 0.0, 0.0]
[0, 0, 0]
[0, 0, 0]
total by number and percent
[5771, 518, 30]
[1070, 3683, 1192]
[79, 382, 3295]
[91.3277417312866, 8.19749960436778, 0.4747586643456243]
[17.998317914213626, 61.951219512195124, 20.050462573591254]
[2.103301384451544, 10.170394036208732, 87.72630457933973]
total accuracy
0.7958177278401998
-------------------folder , length of x_test, y_test-------------------------
127 1597 1597
number by successful floor
0,0
1,0
2,0
3,0
4,1
5,0
6,27
7,22
8,25
9,34
10,23
11,40
12,52
13,91
14,133
15,154
16,147
17,376
18,472
each floor by number


[0, 23, 0]
[0, 299, 11]
[0, 120, 1144]


[0, 23, 0]
[0, 202, 46]
[0, 86, 1240]


[109, 19, 26]
[36, 28, 69]
[31, 25, 1254]


[150, 11, 9]
[105, 36, 31]
[33, 37, 1185]


[192, 10, 1]
[125, 40, 65]
[34, 45, 1085]


[213, 6, 0]
[159, 70, 97]
[23, 70, 959]


[215, 4, 0]
[174, 190, 85]
[11, 99, 819]


[255, 3, 0]
[130, 263, 177]
[4, 82, 683]


[207, 10, 0]
[152, 281, 178]
[2, 84, 683]


[207, 10, 0]
[151, 304, 191]
[1, 69, 664]


[269, 13, 0]
[110, 614, 141]
[0, 7, 443]


[329, 39, 0]
[94, 1135, 0]
[0, 0, 0]


[415, 97, 0]
[67, 1018, 0]
[0, 0, 0]


[514, 119, 0]
[48, 916, 0]
[0, 0, 0]


[788, 127, 0]
[65, 617, 0]
[0, 0, 0]


[1486, 0, 0]
[111, 0, 0]
[0, 0, 0]


[1597, 0, 0]
[0, 0, 0]
[0, 0, 0]


[1597, 0, 0]
[0, 0, 0]
[0, 0, 0]
each floor by percent


[0.0, 100.0, 0.0]
[0.0, 96.45161290322581, 3.5483870967741935]
[0.0, 9.493670886075948, 90.50632911392405]


[0.0, 100.0, 0.0]
[0.0, 81.45161290322581, 18.548387096774192]
[0.0, 6.4856711915535445, 93.51432880844645]


[70.77922077922078, 12.337662337662337, 16.883116883116884]
[27.06766917293233, 21.052631578947366, 51.879699248120296]
[2.366412213740458, 1.9083969465648856, 95.72519083969466]


[88.23529411764706, 6.470588235294118, 5.294117647058823]
[61.04651162790698, 20.930232558139537, 18.02325581395349]
[2.6294820717131473, 2.948207171314741, 94.42231075697211]


[94.58128078817735, 4.926108374384237, 0.4926108374384237]
[54.34782608695652, 17.39130434782609, 28.260869565217394]
[2.9209621993127146, 3.865979381443299, 93.21305841924398]


[97.26027397260275, 2.73972602739726, 0.0]
[48.77300613496933, 21.472392638036812, 29.754601226993866]
[2.1863117870722433, 6.653992395437263, 91.1596958174905]


[98.17351598173516, 1.8264840182648403, 0.0]
[38.75278396436526, 42.3162583518931, 18.930957683741646]
[1.1840688912809474, 10.656620021528527, 88.15931108719053]


[98.83720930232558, 1.1627906976744187, 0.0]
[22.807017543859647, 46.14035087719298, 31.052631578947366]
[0.5201560468140441, 10.663198959687906, 88.81664499349804]


[95.39170506912443, 4.6082949308755765, 0.0]
[24.877250409165303, 45.99018003273322, 29.132569558101473]
[0.2600780234070221, 10.923276983094928, 88.81664499349804]


[95.39170506912443, 4.6082949308755765, 0.0]
[23.374613003095977, 47.05882352941177, 29.56656346749226]
[0.1362397820163488, 9.400544959128066, 90.46321525885558]


[95.39007092198582, 4.609929078014185, 0.0]
[12.716763005780347, 70.98265895953757, 16.30057803468208]
[0.0, 1.5555555555555556, 98.44444444444444]


[89.40217391304347, 10.597826086956522, 0.0]
[7.648494711147275, 92.35150528885274, 0.0]
[0, 0, 0]


[81.0546875, 18.9453125, 0.0]
[6.175115207373272, 93.82488479262673, 0.0]
[0, 0, 0]


[81.20063191153238, 18.799368088467613, 0.0]
[4.979253112033195, 95.0207468879668, 0.0]
[0, 0, 0]


[86.12021857923497, 13.879781420765028, 0.0]
[9.530791788856305, 90.4692082111437, 0.0]
[0, 0, 0]


[100.0, 0.0, 0.0]
[99.99999999999999, 0.0, 0.0]
[0, 0, 0]


[100.0, 0.0, 0.0]
[0, 0, 0]
[0, 0, 0]


[100.0, 0.0, 0.0]
[0, 0, 0]
[0, 0, 0]
total by number and percent
[8543, 514, 36]
[1527, 6013, 1091]
[139, 724, 10159]
[93.9513911800286, 5.652699879027824, 0.395908940943583]
[17.692040319777547, 69.66747769667478, 12.640481983547676]
[1.2611141353656323, 6.568680820177826, 92.17020504445654]
total accuracy
0.8597717943366033
-------------------folder , length of x_test, y_test-------------------------
128 615 615
number by successful floor
0,0
1,0
2,0
3,0
4,0
5,2
6,14
7,8
8,17
9,23
10,15
11,29
12,19
13,46
14,34
15,49
16,92
17,98
18,169
each floor by number


[0, 33, 0]
[0, 162, 30]
[0, 13, 377]


[0, 33, 0]
[0, 87, 20]
[0, 42, 433]


[70, 4, 6]
[45, 8, 32]
[11, 3, 436]


[95, 6, 0]
[57, 30, 32]
[0, 4, 391]


[115, 1, 0]
[62, 20, 73]
[2, 7, 335]


[121, 0, 0]
[73, 32, 101]
[2, 8, 278]


[126, 1, 0]
[68, 49, 129]
[4, 16, 222]


[132, 3, 0]
[62, 66, 80]
[2, 20, 250]


[125, 3, 0]
[59, 73, 81]
[1, 21, 252]


[125, 1, 0]
[60, 87, 50]
[1, 14, 277]


[140, 2, 0]
[51, 173, 66]
[3, 10, 170]


[161, 5, 0]
[40, 376, 0]
[0, 33, 0]


[183, 21, 0]
[39, 344, 0]
[0, 28, 0]


[201, 39, 0]
[42, 333, 0]
[0, 0, 0]


[303, 60, 0]
[36, 216, 0]
[0, 0, 0]


[553, 0, 0]
[40, 22, 0]
[0, 0, 0]


[615, 0, 0]
[0, 0, 0]
[0, 0, 0]


[615, 0, 0]
[0, 0, 0]
[0, 0, 0]
each floor by percent


[0.0, 100.0, 0.0]
[0.0, 84.375, 15.625]
[0.0, 3.3333333333333335, 96.66666666666667]


[0.0, 100.0, 0.0]
[0.0, 81.30841121495327, 18.69158878504673]
[0.0, 8.842105263157896, 91.15789473684211]


[87.5, 5.0, 7.5]
[52.94117647058824, 9.411764705882353, 37.64705882352941]
[2.4444444444444446, 0.6666666666666666, 96.88888888888889]


[94.05940594059406, 5.9405940594059405, 0.0]
[47.89915966386555, 25.210084033613448, 26.89075630252101]
[0.0, 1.0126582278481011, 98.9873417721519]


[99.13793103448276, 0.8620689655172414, 0.0]
[40.0, 12.903225806451612, 47.096774193548384]
[0.5813953488372093, 2.0348837209302326, 97.38372093023256]


[100.0, 0.0, 0.0]
[35.43689320388349, 15.533980582524272, 49.029126213592235]
[0.6944444444444444, 2.7777777777777777, 96.52777777777779]


[99.21259842519684, 0.7874015748031495, 0.0]
[27.64227642276423, 19.91869918699187, 52.4390243902439]
[1.6528925619834711, 6.6115702479338845, 91.73553719008265]


[97.77777777777777, 2.222222222222222, 0.0]
[29.807692307692307, 31.73076923076923, 38.46153846153846]
[0.7352941176470588, 7.352941176470588, 91.91176470588235]


[97.65625, 2.34375, 0.0]
[27.699530516431928, 34.27230046948357, 38.02816901408451]
[0.36496350364963503, 7.664233576642335, 91.97080291970802]


[99.2063492063492, 0.7936507936507936, 0.0]
[30.456852791878173, 44.162436548223354, 25.380710659898476]
[0.3424657534246575, 4.794520547945206, 94.86301369863014]


[98.59154929577466, 1.4084507042253522, 0.0]
[17.586206896551726, 59.6551724137931, 22.758620689655174]
[1.639344262295082, 5.46448087431694, 92.89617486338797]


[96.98795180722892, 3.0120481927710845, 0.0]
[9.615384615384615, 90.38461538461539, 0.0]
[0.0, 100.0, 0.0]


[89.70588235294117, 10.294117647058822, 0.0]
[10.182767624020888, 89.81723237597912, 0.0]
[0.0, 99.99999999999999, 0.0]


[83.75, 16.25, 0.0]
[11.2, 88.8, 0.0]
[0, 0, 0]


[83.47107438016529, 16.528925619834713, 0.0]
[14.285714285714286, 85.71428571428571, 0.0]
[0, 0, 0]


[100.0, 0.0, 0.0]
[64.51612903225806, 35.483870967741936, 0.0]
[0, 0, 0]


[100.0, 0.0, 0.0]
[0, 0, 0]
[0, 0, 0]


[100.0, 0.0, 0.0]
[0, 0, 0]
[0, 0, 0]
total by number and percent
[3680, 212, 6]
[734, 2078, 694]
[26, 219, 3421]
[94.4073884043099, 5.438686505900462, 0.1539250897896357]
[20.935539075869936, 59.26982316029663, 19.79463776383343]
[0.7092198581560284, 5.973813420621931, 93.31696672122204]
total accuracy
0.8291779584462511
-------------------folder , length of x_test, y_test-------------------------
129 709 709
number by successful floor
0,0
1,0
2,0
3,0
4,0
5,0
6,3
7,15
8,10
9,15
10,48
11,55
12,78
13,112
14,103
15,138
16,75
17,13
18,44
each floor by number


[0, 36, 0]
[0, 208, 207]
[0, 17, 241]


[0, 32, 2]
[0, 144, 176]
[0, 17, 338]


[116, 14, 34]
[11, 8, 98]
[24, 0, 404]


[139, 23, 3]
[24, 23, 96]
[20, 1, 380]


[176, 14, 0]
[33, 44, 107]
[1, 9, 325]


[175, 4, 0]
[47, 90, 174]
[0, 28, 191]


[197, 5, 0]
[31, 210, 253]
[0, 0, 13]


[197, 16, 0]
[33, 198, 252]
[0, 0, 13]


[106, 19, 0]
[111, 118, 167]
[0, 0, 188]


[106, 19, 0]
[110, 66, 0]
[0, 44, 364]


[112, 13, 0]
[121, 120, 1]
[0, 36, 306]


[142, 5, 0]
[119, 249, 0]
[0, 190, 4]


[171, 0, 0]
[116, 359, 0]
[0, 63, 0]


[195, 0, 0]
[116, 398, 0]
[0, 0, 0]


[288, 1, 0]
[78, 342, 0]
[0, 0, 0]


[652, 36, 0]
[15, 6, 0]
[0, 0, 0]


[709, 0, 0]
[0, 0, 0]
[0, 0, 0]


[709, 0, 0]
[0, 0, 0]
[0, 0, 0]
each floor by percent


[0.0, 100.0, 0.0]
[0.0, 50.12048192771084, 49.87951807228915]
[0.0, 6.589147286821706, 93.41085271317829]


[0.0, 94.11764705882352, 5.88235294117647]
[0.0, 45.0, 55.0]
[0.0, 4.788732394366197, 95.21126760563381]


[70.73170731707317, 8.536585365853659, 20.731707317073173]
[9.401709401709402, 6.837606837606838, 83.76068376068376]
[5.607476635514018, 0.0, 94.39252336448598]


[84.24242424242425, 13.93939393939394, 1.8181818181818183]
[16.783216783216783, 16.083916083916083, 67.13286713286713]
[4.987531172069826, 0.24937655860349128, 94.76309226932669]


[92.63157894736842, 7.36842105263158, 0.0]
[17.934782608695652, 23.913043478260867, 58.15217391304348]
[0.29850746268656714, 2.6865671641791042, 97.01492537313433]


[97.76536312849161, 2.2346368715083798, 0.0]
[15.112540192926046, 28.938906752411576, 55.94855305466238]
[0.0, 12.785388127853881, 87.21461187214612]


[97.52475247524752, 2.4752475247524752, 0.0]
[6.275303643724696, 42.51012145748987, 51.21457489878542]
[0.0, 0.0, 100.0]


[92.48826291079813, 7.511737089201878, 0.0]
[6.832298136645963, 40.993788819875775, 52.17391304347826]
[0.0, 0.0, 100.0]


[84.8, 15.2, 0.0]
[28.03030303030303, 29.7979797979798, 42.17171717171717]
[0.0, 0.0, 100.0]


[84.8, 15.2, 0.0]
[62.5, 37.5, 0.0]
[0.0, 10.784313725490195, 89.2156862745098]


[89.6, 10.4, 0.0]
[50.0, 49.586776859504134, 0.4132231404958678]
[0.0, 10.526315789473685, 89.47368421052632]


[96.59863945578232, 3.4013605442176873, 0.0]
[32.336956521739125, 67.66304347826086, 0.0]
[0.0, 97.93814432989691, 2.061855670103093]


[100.0, 0.0, 0.0]
[24.42105263157895, 75.57894736842105, 0.0]
[0.0, 100.0, 0.0]


[100.0, 0.0, 0.0]
[22.56809338521401, 77.431906614786, 0.0]
[0, 0, 0]


[99.65397923875432, 0.3460207612456747, 0.0]
[18.57142857142857, 81.42857142857143, 0.0]
[0, 0, 0]


[94.76744186046511, 5.232558139534884, 0.0]
[71.42857142857143, 28.571428571428573, 0.0]
[0, 0, 0]


[100.0, 0.0, 0.0]
[0, 0, 0]
[0, 0, 0]


[100.0, 0.0, 0.0]
[0, 0, 0]
[0, 0, 0]
total by number and percent
[4190, 237, 39]
[965, 2583, 1531]
[45, 405, 2767]
[93.81997313031796, 5.3067622033139275, 0.8732646663681146]
[18.999803110848593, 50.85646780862375, 30.143729080527663]
[1.39881877525645, 12.589368977308052, 86.0118122474355]
total accuracy
0.7475317348377997
-------------------folder , length of x_test, y_test-------------------------
130 124 124
number by successful floor
0,0
1,0
2,0
3,0
4,4
5,0
6,1
7,0
8,0
9,0
10,0
11,3
12,0
13,0
14,0
15,4
16,49
17,24
18,39
each floor by number


[0, 48, 0]
[0, 72, 4]
[0, 0, 0]


[0, 47, 1]
[0, 67, 9]
[0, 0, 0]


[82, 7, 11]
[18, 4, 2]
[0, 0, 0]


[108, 11, 5]
[0, 0, 0]
[0, 0, 0]


[116, 4, 4]
[0, 0, 0]
[0, 0, 0]


[119, 1, 4]
[0, 0, 0]
[0, 0, 0]


[119, 4, 1]
[0, 0, 0]
[0, 0, 0]


[119, 5, 0]
[0, 0, 0]
[0, 0, 0]


[116, 8, 0]
[0, 0, 0]
[0, 0, 0]


[116, 8, 0]
[0, 0, 0]
[0, 0, 0]


[116, 8, 0]
[0, 0, 0]
[0, 0, 0]


[119, 5, 0]
[0, 0, 0]
[0, 0, 0]


[120, 4, 0]
[0, 0, 0]
[0, 0, 0]


[120, 4, 0]
[0, 0, 0]
[0, 0, 0]


[124, 0, 0]
[0, 0, 0]
[0, 0, 0]


[124, 0, 0]
[0, 0, 0]
[0, 0, 0]


[124, 0, 0]
[0, 0, 0]
[0, 0, 0]


[124, 0, 0]
[0, 0, 0]
[0, 0, 0]
each floor by percent


[0.0, 100.0, 0.0]
[0.0, 94.73684210526315, 5.2631578947368425]
[0, 0, 0]


[0.0, 97.91666666666667, 2.0833333333333335]
[0.0, 88.15789473684211, 11.842105263157894]
[0, 0, 0]


[82.0, 7.0, 11.0]
[75.0, 16.666666666666668, 8.333333333333334]
[0, 0, 0]


[87.09677419354838, 8.870967741935484, 4.032258064516129]
[0, 0, 0]
[0, 0, 0]


[93.54838709677419, 3.2258064516129035, 3.2258064516129035]
[0, 0, 0]
[0, 0, 0]


[95.96774193548387, 0.8064516129032259, 3.2258064516129035]
[0, 0, 0]
[0, 0, 0]


[95.96774193548387, 3.2258064516129035, 0.8064516129032259]
[0, 0, 0]
[0, 0, 0]


[95.96774193548387, 4.032258064516129, 0.0]
[0, 0, 0]
[0, 0, 0]


[93.54838709677419, 6.451612903225807, 0.0]
[0, 0, 0]
[0, 0, 0]


[93.54838709677419, 6.451612903225807, 0.0]
[0, 0, 0]
[0, 0, 0]


[93.54838709677419, 6.451612903225807, 0.0]
[0, 0, 0]
[0, 0, 0]


[95.96774193548387, 4.032258064516129, 0.0]
[0, 0, 0]
[0, 0, 0]


[96.7741935483871, 3.2258064516129035, 0.0]
[0, 0, 0]
[0, 0, 0]


[96.7741935483871, 3.2258064516129035, 0.0]
[0, 0, 0]
[0, 0, 0]


[100.0, 0.0, 0.0]
[0, 0, 0]
[0, 0, 0]


[100.0, 0.0, 0.0]
[0, 0, 0]
[0, 0, 0]


[100.0, 0.0, 0.0]
[0, 0, 0]
[0, 0, 0]


[100.0, 0.0, 0.0]
[0, 0, 0]
[0, 0, 0]
total by number and percent
[1866, 164, 26]
[18, 143, 15]
[0, 0, 0]
[90.75875486381322, 7.976653696498055, 1.264591439688716]
[10.227272727272727, 81.25, 8.522727272727273]
[nan, nan, nan]
total accuracy
0.900089605734767
-------------------folder , length of x_test, y_test-------------------------
131 26 26
number by successful floor
0,0
1,0
2,0
3,0
4,0
5,0
6,0
7,0
8,0
9,0
10,0
11,0
12,0
13,0
14,0
15,0
16,26
17,0
18,0
each floor by number


[0, 26, 0]
[0, 0, 0]
[0, 0, 0]


[0, 26, 0]
[0, 0, 0]
[0, 0, 0]


[26, 0, 0]
[0, 0, 0]
[0, 0, 0]


[26, 0, 0]
[0, 0, 0]
[0, 0, 0]


[26, 0, 0]
[0, 0, 0]
[0, 0, 0]


[26, 0, 0]
[0, 0, 0]
[0, 0, 0]


[26, 0, 0]
[0, 0, 0]
[0, 0, 0]


[26, 0, 0]
[0, 0, 0]
[0, 0, 0]


[26, 0, 0]
[0, 0, 0]
[0, 0, 0]


[26, 0, 0]
[0, 0, 0]
[0, 0, 0]


[26, 0, 0]
[0, 0, 0]
[0, 0, 0]


[26, 0, 0]
[0, 0, 0]
[0, 0, 0]


[26, 0, 0]
[0, 0, 0]
[0, 0, 0]


[26, 0, 0]
[0, 0, 0]
[0, 0, 0]


[26, 0, 0]
[0, 0, 0]
[0, 0, 0]


[26, 0, 0]
[0, 0, 0]
[0, 0, 0]


[26, 0, 0]
[0, 0, 0]
[0, 0, 0]


[26, 0, 0]
[0, 0, 0]
[0, 0, 0]
each floor by percent


[0.0, 100.0, 0.0]
[0, 0, 0]
[0, 0, 0]


[0.0, 100.0, 0.0]
[0, 0, 0]
[0, 0, 0]


[100.0, 0.0, 0.0]
[0, 0, 0]
[0, 0, 0]


[100.0, 0.0, 0.0]
[0, 0, 0]
[0, 0, 0]


[100.0, 0.0, 0.0]
[0, 0, 0]
[0, 0, 0]


[100.0, 0.0, 0.0]
[0, 0, 0]
[0, 0, 0]


[100.0, 0.0, 0.0]
[0, 0, 0]
[0, 0, 0]


[100.0, 0.0, 0.0]
[0, 0, 0]
[0, 0, 0]


[100.0, 0.0, 0.0]
[0, 0, 0]
[0, 0, 0]


[100.0, 0.0, 0.0]
[0, 0, 0]
[0, 0, 0]


[100.0, 0.0, 0.0]
[0, 0, 0]
[0, 0, 0]


[100.0, 0.0, 0.0]
[0, 0, 0]
[0, 0, 0]


[100.0, 0.0, 0.0]
[0, 0, 0]
[0, 0, 0]


[100.0, 0.0, 0.0]
[0, 0, 0]
[0, 0, 0]


[100.0, 0.0, 0.0]
[0, 0, 0]
[0, 0, 0]


[100.0, 0.0, 0.0]
[0, 0, 0]
[0, 0, 0]


[100.0, 0.0, 0.0]
[0, 0, 0]
[0, 0, 0]


[100.0, 0.0, 0.0]
[0, 0, 0]
[0, 0, 0]
total by number and percent
[416, 52, 0]
[0, 0, 0]
[0, 0, 0]
[88.88888888888889, 11.11111111111111, 0.0]
[nan, nan, nan]
[nan, nan, nan]
total accuracy
0.8888888888888888
-------------------folder , length of x_test, y_test-------------------------
132 2202 2202
number by successful floor
0,0
1,0
2,0
3,0
4,0
5,0
6,0
7,3
8,4
9,9
10,6
11,20
12,23
13,77
14,96
15,279
16,329
17,838
18,518
each floor by number


[0, 30, 0]
[0, 303, 2]
[0, 72, 1795]


[0, 30, 0]
[0, 234, 0]
[0, 34, 1904]


[190, 6, 2]
[58, 15, 49]
[1, 3, 1878]


[198, 0, 0]
[84, 33, 5]
[5, 14, 1863]


[207, 0, 0]
[95, 65, 65]
[0, 104, 1666]


[259, 0, 0]
[53, 286, 48]
[0, 303, 1253]


[259, 0, 0]
[62, 585, 56]
[0, 97, 1143]


[264, 0, 0]
[83, 673, 105]
[0, 11, 1066]


[302, 13, 0]
[24, 678, 108]
[0, 11, 1066]


[301, 14, 0]
[23, 681, 106]
[0, 16, 1061]


[317, 3, 0]
[46, 941, 261]
[0, 192, 442]


[355, 77, 0]
[88, 1682, 0]
[0, 0, 0]


[483, 61, 0]
[317, 1341, 0]
[0, 0, 0]


[662, 50, 0]
[277, 1213, 0]
[0, 0, 0]


[1107, 237, 0]
[9, 849, 0]
[0, 0, 0]


[2030, 0, 0]
[172, 0, 0]
[0, 0, 0]


[2202, 0, 0]
[0, 0, 0]
[0, 0, 0]


[2202, 0, 0]
[0, 0, 0]
[0, 0, 0]
each floor by percent


[0.0, 100.0, 0.0]
[0.0, 99.34426229508198, 0.6557377049180328]
[0.0, 3.85645420460632, 96.14354579539368]


[0.0, 100.0, 0.0]
[0.0, 100.0, 0.0]
[0.0, 1.7543859649122808, 98.24561403508773]


[95.95959595959596, 3.0303030303030303, 1.0101010101010102]
[47.540983606557376, 12.295081967213115, 40.16393442622951]
[0.053134962805526036, 0.1594048884165781, 99.7874601487779]


[100.0, 0.0, 0.0]
[68.85245901639344, 27.049180327868854, 4.098360655737705]
[0.26567481402763016, 0.7438894792773645, 98.99043570669501]


[100.00000000000001, 0.0, 0.0]
[42.22222222222222, 28.88888888888889, 28.88888888888889]
[0.0, 5.875706214689266, 94.12429378531074]


[100.0, 0.0, 0.0]
[13.695090439276486, 73.90180878552971, 12.403100775193797]
[0.0, 19.47300771208226, 80.52699228791774]


[100.0, 0.0, 0.0]
[8.819345661450924, 83.21479374110953, 7.965860597439544]
[0.0, 7.82258064516129, 92.1774193548387]


[100.0, 0.0, 0.0]
[9.639953542392567, 78.16492450638792, 12.195121951219512]
[0.0, 1.021355617455896, 98.9786443825441]


[95.87301587301587, 4.126984126984127, 0.0]
[2.9629629629629632, 83.70370370370371, 13.333333333333334]
[0.0, 1.021355617455896, 98.9786443825441]


[95.55555555555556, 4.444444444444445, 0.0]
[2.8395061728395063, 84.07407407407408, 13.086419753086421]
[0.0, 1.4856081708449398, 98.51439182915506]


[99.0625, 0.9375, 0.0]
[3.6858974358974357, 75.40064102564102, 20.913461538461537]
[0.0, 30.28391167192429, 69.71608832807571]


[82.17592592592592, 17.824074074074073, 0.0]
[4.971751412429379, 95.02824858757063, 0.0]
[0, 0, 0]


[88.78676470588235, 11.213235294117647, 0.0]
[19.11942098914355, 80.88057901085647, 0.0]
[0, 0, 0]


[92.97752808988764, 7.022471910112359, 0.0]
[18.590604026845636, 81.40939597315436, 0.0]
[0, 0, 0]


[82.36607142857143, 17.633928571428573, 0.0]
[1.048951048951049, 98.95104895104895, 0.0]
[0, 0, 0]


[100.0, 0.0, 0.0]
[100.0, 0.0, 0.0]
[0, 0, 0]


[100.0, 0.0, 0.0]
[0, 0, 0]
[0, 0, 0]


[100.0, 0.0, 0.0]
[0, 0, 0]
[0, 0, 0]
total by number and percent
[11338, 521, 2]
[1391, 9579, 805]
[6, 857, 15137]
[95.59059101256217, 4.392547002782227, 0.016861984655593965]
[11.813163481953291, 81.35031847133757, 6.83651804670913]
[0.0375, 5.35625, 94.60625]
total accuracy
0.9096276112624887
-------------------folder , length of x_test, y_test-------------------------
133 880 880
number by successful floor
0,0
1,0
2,0
3,0
4,0
5,0
6,0
7,1
8,4
9,35
10,60
11,39
12,28
13,47
14,117
15,105
16,144
17,223
18,77
each floor by number


[0, 19, 0]
[0, 145, 16]
[0, 48, 652]


[0, 18, 1]
[0, 85, 22]
[0, 24, 730]


[43, 12, 13]
[24, 10, 41]
[5, 8, 724]


[78, 9, 0]
[40, 31, 33]
[0, 5, 684]


[100, 3, 0]
[48, 53, 63]
[0, 2, 611]


[110, 1, 0]
[57, 114, 118]
[0, 30, 450]


[120, 17, 0]
[50, 252, 169]
[0, 0, 272]


[138, 25, 0]
[30, 305, 198]
[0, 0, 184]


[132, 47, 0]
[20, 289, 208]
[0, 0, 184]


[129, 51, 0]
[20, 303, 257]
[0, 0, 120]


[156, 106, 0]
[1, 455, 162]
[0, 0, 0]


[180, 199, 0]
[0, 501, 0]
[0, 0, 0]


[229, 243, 0]
[10, 398, 0]
[0, 0, 0]


[356, 196, 0]
[2, 326, 0]
[0, 0, 0]


[583, 145, 0]
[0, 152, 0]
[0, 0, 0]


[880, 0, 0]
[0, 0, 0]
[0, 0, 0]


[880, 0, 0]
[0, 0, 0]
[0, 0, 0]


[880, 0, 0]
[0, 0, 0]
[0, 0, 0]
each floor by percent


[0.0, 100.0, 0.0]
[0.0, 90.06211180124222, 9.937888198757763]
[0.0, 6.857142857142857, 93.14285714285714]


[0.0, 94.73684210526315, 5.2631578947368425]
[0.0, 79.43925233644859, 20.5607476635514]
[0.0, 3.183023872679045, 96.81697612732096]


[63.23529411764705, 17.64705882352941, 19.11764705882353]
[32.0, 13.333333333333334, 54.666666666666664]
[0.6784260515603799, 1.0854816824966078, 98.23609226594301]


[89.65517241379311, 10.344827586206897, 0.0]
[38.46153846153846, 29.807692307692307, 31.73076923076923]
[0.0, 0.725689404934688, 99.27431059506532]


[97.08737864077669, 2.912621359223301, 0.0]
[29.26829268292683, 32.31707317073171, 38.41463414634146]
[0.0, 0.3262642740619902, 99.67373572593802]


[99.09909909909909, 0.9009009009009008, 0.0]
[19.72318339100346, 39.44636678200692, 40.830449826989614]
[0.0, 6.25, 93.75]


[87.5912408759124, 12.40875912408759, 0.0]
[10.615711252653927, 53.503184713375795, 35.881104033970274]
[0.0, 0.0, 99.99999999999999]


[84.66257668711657, 15.337423312883436, 0.0]
[5.628517823639775, 57.22326454033771, 37.148217636022515]
[0.0, 0.0, 100.0]


[73.74301675977654, 26.256983240223462, 0.0]
[3.8684719535783367, 55.89941972920696, 40.2321083172147]
[0.0, 0.0, 100.0]


[71.66666666666667, 28.333333333333332, 0.0]
[3.4482758620689657, 52.24137931034483, 44.310344827586206]
[0.0, 0.0, 100.0]


[59.541984732824424, 40.45801526717557, 0.0]
[0.16181229773462785, 73.62459546925567, 26.21359223300971]
[0, 0, 0]


[47.4934036939314, 52.5065963060686, 0.0]
[0.0, 100.0, 0.0]
[0, 0, 0]


[48.516949152542374, 51.48305084745763, 0.0]
[2.450980392156863, 97.54901960784314, 0.0]
[0, 0, 0]


[64.4927536231884, 35.507246376811594, 0.0]
[0.6097560975609756, 99.39024390243902, 0.0]
[0, 0, 0]


[80.08241758241758, 19.917582417582416, 0.0]
[0.0, 100.0, 0.0]
[0, 0, 0]


[99.99999999999999, 0.0, 0.0]
[0, 0, 0]
[0, 0, 0]


[99.99999999999999, 0.0, 0.0]
[0, 0, 0]
[0, 0, 0]


[99.99999999999999, 0.0, 0.0]
[0, 0, 0]
[0, 0, 0]
total by number and percent
[4994, 1091, 14]
[302, 3419, 1287]
[5, 117, 4611]
[81.88227578291523, 17.888178389899984, 0.2295458271847844]
[6.0303514376996805, 68.27076677316293, 25.69888178913738]
[0.10564124234100992, 2.472005070779632, 97.42235368687936]
total accuracy
0.8222222222222222
-------------------folder , length of x_test, y_test-------------------------
134 3062 3062
number by successful floor
0,0
1,0
2,0
3,0
4,0
5,0
6,91
7,23
8,76
9,69
10,72
11,21
12,20
13,33
14,214
15,222
16,287
17,690
18,1244
each floor by number


[0, 39, 0]
[0, 605, 89]
[0, 117, 2212]


[0, 39, 0]
[0, 390, 24]
[0, 247, 2362]


[241, 17, 9]
[125, 24, 34]
[194, 28, 2390]


[262, 3, 1]
[276, 17, 16]
[119, 28, 2340]


[273, 1, 0]
[413, 65, 7]
[0, 22, 2281]


