Test loss: 3.2815268046498267
Test accuracy: 0.034286207792538416
-------------------folder , length of x_test, y_test-------------------------
121 140 140 <class 'numpy.ndarray'>
<class 'numpy.ndarray'>
number by successful floor
0,0
1,0
2,0
3,0
4,0
5,0
6,0
7,0
8,0
9,1
10,1
11,2
12,0
13,1
14,11
15,13
16,41
17,31
18,39
each floor by number


[0, 30, 0]
[0, 110, 0]
[0, 0, 0]


[0, 30, 0]
[0, 109, 1]
[0, 0, 0]


[61, 39, 0]
[15, 22, 3]
[0, 0, 0]


[88, 22, 0]
[23, 7, 0]
[0, 0, 0]


[120, 0, 0]
[19, 1, 0]
[0, 0, 0]


[129, 1, 0]
[10, 0, 0]
[0, 0, 0]


[137, 3, 0]
[0, 0, 0]
[0, 0, 0]


[136, 4, 0]
[0, 0, 0]
[0, 0, 0]


[133, 7, 0]
[0, 0, 0]
[0, 0, 0]


[127, 13, 0]
[0, 0, 0]
[0, 0, 0]


[130, 10, 0]
[0, 0, 0]
[0, 0, 0]


[138, 2, 0]
[0, 0, 0]
[0, 0, 0]


[140, 0, 0]
[0, 0, 0]
[0, 0, 0]


[140, 0, 0]
[0, 0, 0]
[0, 0, 0]


[140, 0, 0]
[0, 0, 0]
[0, 0, 0]


[140, 0, 0]
[0, 0, 0]
[0, 0, 0]


[140, 0, 0]
[0, 0, 0]
[0, 0, 0]


[140, 0, 0]
[0, 0, 0]
[0, 0, 0]
each floor by percent


[0.0, 100.0, 0.0]
[0.0, 99.99999999999999, 0.0]
[0, 0, 0]


[0.0, 100.0, 0.0]
[0.0, 99.09090909090908, 0.9090909090909091]
[0, 0, 0]


[61.0, 39.0, 0.0]
[37.5, 55.0, 7.5]
[0, 0, 0]


[80.0, 20.0, 0.0]
[76.66666666666667, 23.333333333333336, 0.0]
[0, 0, 0]


[100.0, 0.0, 0.0]
[95.0, 5.0, 0.0]
[0, 0, 0]


[99.23076923076923, 0.7692307692307692, 0.0]
[100.0, 0.0, 0.0]
[0, 0, 0]


[97.85714285714286, 2.142857142857143, 0.0]
[0, 0, 0]
[0, 0, 0]


[97.14285714285715, 2.857142857142857, 0.0]
[0, 0, 0]
[0, 0, 0]


[95.0, 5.0, 0.0]
[0, 0, 0]
[0, 0, 0]


[90.71428571428572, 9.285714285714286, 0.0]
[0, 0, 0]
[0, 0, 0]


[92.85714285714286, 7.142857142857143, 0.0]
[0, 0, 0]
[0, 0, 0]


[98.57142857142858, 1.4285714285714286, 0.0]
[0, 0, 0]
[0, 0, 0]


[100.0, 0.0, 0.0]
[0, 0, 0]
[0, 0, 0]


[100.0, 0.0, 0.0]
[0, 0, 0]
[0, 0, 0]


[100.0, 0.0, 0.0]
[0, 0, 0]
[0, 0, 0]


[100.0, 0.0, 0.0]
[0, 0, 0]
[0, 0, 0]


[100.0, 0.0, 0.0]
[0, 0, 0]
[0, 0, 0]


[100.0, 0.0, 0.0]
[0, 0, 0]
[0, 0, 0]
total by number and percent
[2039, 161, 0]
[67, 249, 4]
[0, 0, 0]
[92.68181818181819, 7.318181818181818, 0.0]
[20.9375, 77.8125, 1.25]
[nan, nan, nan]
total accuracy
0.9079365079365079
-------------------folder , length of x_test, y_test-------------------------
122 3802 3802 <class 'numpy.ndarray'>
<class 'numpy.ndarray'>
number by successful floor
0,0
1,0
2,0
3,0
4,0
5,0
6,1
7,73
8,70
9,38
10,50
11,45
12,72
13,150
14,184
15,395
16,692
17,773
18,1259
each floor by number


[0, 25, 0]
[0, 385, 6]
[0, 408, 2978]


[0, 25, 0]
[0, 237, 3]
[0, 298, 3239]


[136, 42, 0]
[92, 54, 12]
[34, 227, 3205]


[154, 31, 0]
[165, 115, 22]
[18, 305, 2992]


[243, 11, 0]
[255, 211, 23]
[23, 161, 2875]


[256, 4, 0]
[369, 453, 97]
[6, 303, 2314]


[324, 5, 0]
[351, 1278, 163]
[0, 99, 1582]


[329, 10, 0]
[374, 1376, 67]
[0, 97, 1549]


[327, 16, 0]
[217, 1348, 62]
[0, 260, 1572]


[331, 12, 0]
[237, 1214, 68]
[0, 189, 1751]


[447, 44, 0]
[138, 1603, 15]
[0, 374, 1181]


[660, 117, 0]
[33, 2976, 16]
[0, 0, 0]


[918, 482, 0]
[163, 2239, 0]
[0, 0, 0]


[1348, 308, 0]
[232, 1914, 0]
[0, 0, 0]


[2107, 41, 0]
[221, 1433, 0]
[0, 0, 0]


[3334, 133, 0]
[323, 12, 0]
[0, 0, 0]


[3802, 0, 0]
[0, 0, 0]
[0, 0, 0]


[3802, 0, 0]
[0, 0, 0]
[0, 0, 0]
each floor by percent


[0.0, 100.0, 0.0]
[0.0, 98.46547314578005, 1.5345268542199488]
[0.0, 12.049616066154755, 87.95038393384525]


[0.0, 100.0, 0.0]
[0.0, 98.75, 1.25]
[0.0, 8.425219112242013, 91.574780887758]


[76.40449438202248, 23.595505617977526, 0.0]
[58.22784810126582, 34.177215189873415, 7.594936708860759]
[0.9809578765147144, 6.549336410848241, 92.46970571263705]


[83.24324324324324, 16.756756756756754, 0.0]
[54.63576158940397, 38.079470198675494, 7.28476821192053]
[0.5429864253393666, 9.200603318250378, 90.25641025641026]


[95.66929133858268, 4.330708661417323, 0.0]
[52.147239263803684, 43.149284253578735, 4.703476482617587]
[0.7518796992481203, 5.2631578947368425, 93.98496240601504]


[98.46153846153845, 1.5384615384615383, 0.0]
[40.152339499455934, 49.29270946681176, 10.55495103373232]
[0.2287457110179184, 11.55165840640488, 88.2195958825772]


[98.48024316109422, 1.519756838905775, 0.0]
[19.58705357142857, 71.31696428571428, 9.095982142857142]
[0.0, 5.8893515764425945, 94.11064842355741]


[97.05014749262537, 2.949852507374631, 0.0]
[20.583379196477708, 75.72922399559712, 3.687396807925151]
[0.0, 5.893074119076549, 94.10692588092344]


[95.33527696793003, 4.66472303206997, 0.0]
[13.337430854333128, 82.85187461585741, 3.8106945298094654]
[0.0, 14.192139737991265, 85.80786026200873]


[96.50145772594752, 3.498542274052478, 0.0]
[15.602369980250165, 79.92100065832786, 4.476629361421988]
[0.0, 9.742268041237114, 90.25773195876289]


[91.0386965376782, 8.961303462321792, 0.0]
[7.858769931662871, 91.2870159453303, 0.8542141230068337]
[0.0, 24.05144694533762, 75.94855305466237]


[84.94208494208495, 15.057915057915059, 0.0]
[1.0909090909090908, 98.3801652892562, 0.5289256198347108]
[0, 0, 0]


[65.57142857142857, 34.42857142857143, 0.0]
[6.78601165695254, 93.21398834304746, 0.0]
[0, 0, 0]


[81.40096618357488, 18.599033816425123, 0.0]
[10.81081081081081, 89.18918918918918, 0.0]
[0, 0, 0]


[98.09124767225326, 1.908752327746741, 0.0]
[13.361547762998791, 86.63845223700122, 0.0]
[0, 0, 0]


[96.16383040092299, 3.8361695990770115, 0.0]
[96.41791044776119, 3.582089552238806, 0.0]
[0, 0, 0]


[99.99999999999999, 0.0, 0.0]
[0, 0, 0]
[0, 0, 0]


[99.99999999999999, 0.0, 0.0]
[0, 0, 0]
[0, 0, 0]
total by number and percent
[18518, 1306, 0]
[3170, 16848, 554]
[81, 2721, 25238]
[93.41202582728006, 6.587974172719935, 0.0]
[15.409294186272604, 81.8977250631927, 2.692980750534707]
[0.2888730385164051, 9.703994293865906, 90.00713266761768]
total accuracy
0.8855573090186452
-------------------folder , length of x_test, y_test-------------------------
123 927 927 <class 'numpy.ndarray'>
<class 'numpy.ndarray'>
number by successful floor
0,0
1,0
2,0
3,0
4,0
5,0
6,2
7,5
8,10
9,10
10,20
11,49
12,59
13,49
14,47
15,56
16,53
17,240
18,327
each floor by number


[0, 25, 0]
[0, 248, 63]
[0, 10, 581]


[0, 23, 0]
[0, 196, 44]
[0, 12, 652]


[51, 71, 0]
[15, 85, 51]
[1, 6, 647]


[113, 25, 0]
[23, 90, 63]
[1, 4, 608]


[142, 3, 0]
[39, 107, 84]
[0, 5, 547]


[150, 3, 0]
[41, 118, 87]
[1, 15, 512]


[159, 1, 0]
[58, 116, 96]
[0, 18, 479]


[178, 6, 0]
[58, 98, 80]
[0, 14, 493]


[162, 12, 0]
[50, 115, 45]
[0, 5, 538]


[162, 8, 0]
[51, 96, 45]
[0, 20, 545]


[162, 7, 0]
[70, 155, 43]
[0, 54, 436]


[186, 2, 0]
[84, 655, 0]
[0, 0, 0]


[212, 3, 0]
[86, 611, 0]
[1, 14, 0]


[229, 0, 0]
[91, 607, 0]
[0, 0, 0]


[274, 0, 0]
[108, 545, 0]
[0, 0, 0]


[683, 10, 0]
[218, 16, 0]
[0, 0, 0]


[927, 0, 0]
[0, 0, 0]
[0, 0, 0]


[927, 0, 0]
[0, 0, 0]
[0, 0, 0]
each floor by percent


[0.0, 100.0, 0.0]
[0.0, 79.7427652733119, 20.257234726688104]
[0.0, 1.6920473773265652, 98.30795262267343]


[0.0, 100.0, 0.0]
[0.0, 81.66666666666667, 18.333333333333336]
[0.0, 1.8072289156626506, 98.19277108433735]


[41.80327868852459, 58.196721311475414, 0.0]
[9.933774834437086, 56.29139072847682, 33.77483443708609]
[0.1529051987767584, 0.9174311926605504, 98.92966360856269]


[81.8840579710145, 18.115942028985508, 0.0]
[13.068181818181818, 51.13636363636363, 35.79545454545455]
[0.1631321370309951, 0.6525285481239804, 99.18433931484503]


[97.93103448275862, 2.0689655172413794, 0.0]
[16.956521739130437, 46.52173913043479, 36.52173913043479]
[0.0, 0.9057971014492754, 99.09420289855073]


[98.0392156862745, 1.9607843137254901, 0.0]
[16.666666666666668, 47.96747967479675, 35.36585365853659]
[0.1893939393939394, 2.840909090909091, 96.96969696969697]


[99.375, 0.625, 0.0]
[21.48148148148148, 42.96296296296296, 35.55555555555555]
[0.0, 3.6217303822937628, 96.37826961770624]


[96.73913043478261, 3.260869565217391, 0.0]
[24.576271186440678, 41.525423728813564, 33.898305084745765]
[0.0, 2.7613412228796843, 97.2386587771203]


[93.10344827586206, 6.8965517241379315, 0.0]
[23.80952380952381, 54.76190476190476, 21.428571428571427]
[0.0, 0.9208103130755065, 99.0791896869245]


[95.29411764705883, 4.705882352941177, 0.0]
[26.5625, 50.0, 23.4375]
[0.0, 3.5398230088495573, 96.46017699115043]


[95.85798816568048, 4.1420118343195265, 0.0]
[26.119402985074625, 57.83582089552238, 16.044776119402986]
[0.0, 11.020408163265305, 88.97959183673468]


[98.93617021276596, 1.0638297872340425, 0.0]
[11.366711772665765, 88.63328822733423, 0.0]
[0, 0, 0]


[98.6046511627907, 1.3953488372093024, 0.0]
[12.338593974175037, 87.66140602582497, 0.0]
[6.666666666666667, 93.33333333333334, 0.0]


[100.0, 0.0, 0.0]
[13.03724928366762, 86.96275071633238, 0.0]
[0, 0, 0]


[99.99999999999999, 0.0, 0.0]
[16.539050535987748, 83.46094946401224, 0.0]
[0, 0, 0]


[98.55699855699856, 1.443001443001443, 0.0]
[93.16239316239317, 6.837606837606838, 0.0]
[0, 0, 0]


[100.0, 0.0, 0.0]
[0, 0, 0]
[0, 0, 0]


[100.0, 0.0, 0.0]
[0, 0, 0]
[0, 0, 0]
total by number and percent
[4717, 199, 0]
[992, 3858, 701]
[4, 177, 6038]
[95.95199349064279, 4.048006509357201, 0.0]
[17.870653936227708, 69.50099081246623, 12.62835525130607]
[0.06431902235086026, 2.846116739025567, 97.08956423862357]
total accuracy
0.8757641136281913
-------------------folder , length of x_test, y_test-------------------------
124 1256 1256 <class 'numpy.ndarray'>
<class 'numpy.ndarray'>
number by successful floor
0,0
1,0
2,0
3,0
4,0
5,0
6,2
7,4
8,5
9,2
10,11
11,26
12,64
13,52
14,91
15,132
16,269
17,261
18,337
each floor by number


[0, 29, 0]
[0, 253, 15]
[0, 93, 866]


[0, 29, 0]
[0, 190, 5]
[0, 59, 973]


[57, 43, 0]
[48, 100, 34]
[1, 25, 948]


[110, 43, 0]
[41, 124, 177]
[0, 4, 757]


[184, 18, 5]
[37, 181, 214]
[0, 15, 602]


[196, 27, 0]
[45, 220, 186]
[1, 7, 574]


[223, 39, 0]
[37, 257, 119]
[0, 9, 572]


[255, 66, 0]
[35, 230, 135]
[0, 14, 521]


[232, 42, 0]
[33, 295, 117]
[0, 17, 520]


[226, 40, 0]
[35, 282, 104]
[0, 25, 544]


[255, 35, 0]
[38, 483, 55]
[0, 22, 368]


[293, 21, 0]
[69, 873, 0]
[0, 0, 0]


[379, 11, 0]
[55, 811, 0]
[0, 0, 0]


[465, 31, 0]
[33, 727, 0]
[0, 0, 0]


[642, 37, 0]
[64, 513, 0]
[0, 0, 0]


[1186, 20, 0]
[50, 0, 0]
[0, 0, 0]


[1256, 0, 0]
[0, 0, 0]
[0, 0, 0]


[1256, 0, 0]
[0, 0, 0]
[0, 0, 0]
each floor by percent


[0.0, 100.0, 0.0]
[0.0, 94.40298507462686, 5.597014925373134]
[0.0, 9.697601668404587, 90.30239833159541]


[0.0, 100.0, 0.0]
[0.0, 97.43589743589745, 2.5641025641025643]
[0.0, 5.717054263565891, 94.2829457364341]


[57.0, 43.0, 0.0]
[26.373626373626372, 54.94505494505494, 18.681318681318682]
[0.1026694045174538, 2.5667351129363447, 97.3305954825462]


[71.89542483660131, 28.104575163398692, 0.0]
[11.988304093567251, 36.25730994152047, 51.75438596491228]
[0.0, 0.5256241787122208, 99.47437582128778]


[88.8888888888889, 8.695652173913045, 2.4154589371980677]
[8.564814814814815, 41.898148148148145, 49.53703703703703]
[0.0, 2.4311183144246353, 97.56888168557536]


[87.89237668161435, 12.10762331838565, 0.0]
[9.977827050997783, 48.78048780487805, 41.24168514412417]
[0.1718213058419244, 1.2027491408934707, 98.6254295532646]


[85.11450381679388, 14.885496183206106, 0.0]
[8.958837772397095, 62.22760290556901, 28.8135593220339]
[0.0, 1.5490533562822721, 98.45094664371773]


[79.4392523364486, 20.560747663551403, 0.0]
[8.75, 57.5, 33.75]
[0.0, 2.6168224299065423, 97.38317757009347]


[84.67153284671532, 15.32846715328467, 0.0]
[7.415730337078651, 66.29213483146067, 26.29213483146067]
[0.0, 3.165735567970205, 96.8342644320298]


[84.96240601503759, 15.037593984962406, 0.0]
[8.31353919239905, 66.9833729216152, 24.70308788598575]
[0.0, 4.393673110720562, 95.60632688927943]


[87.93103448275862, 12.068965517241379, 0.0]
[6.597222222222222, 83.85416666666667, 9.54861111111111]
[0.0, 5.641025641025641, 94.35897435897436]


[93.31210191082802, 6.687898089171974, 0.0]
[7.32484076433121, 92.67515923566879, 0.0]
[0, 0, 0]


[97.17948717948718, 2.8205128205128207, 0.0]
[6.351039260969976, 93.64896073903002, 0.0]
[0, 0, 0]


[93.75, 6.25, 0.0]
[4.342105263157895, 95.65789473684211, 0.0]
[0, 0, 0]


[94.55081001472755, 5.44918998527246, 0.0]
[11.091854419410746, 88.90814558058926, 0.0]
[0, 0, 0]


[98.34162520729684, 1.658374792703151, 0.0]
[100.0, 0.0, 0.0]
[0, 0, 0]


[100.0, 0.0, 0.0]
[0, 0, 0]
[0, 0, 0]


[100.0, 0.0, 0.0]
[0, 0, 0]
[0, 0, 0]
total by number and percent
[7215, 531, 5]
[620, 5539, 1161]
[2, 290, 7245]
[93.08476325635402, 6.850728938201522, 0.06450780544445878]
[8.469945355191257, 75.66939890710383, 15.860655737704919]
[0.026535756932466497, 3.8476847552076423, 96.12577948785989]
total accuracy
0.884598372257608
-------------------folder , length of x_test, y_test-------------------------
125 1009 1009 <class 'numpy.ndarray'>
<class 'numpy.ndarray'>
number by successful floor
0,0
1,0
2,0
3,0
4,0
5,11
6,11
7,19
8,17
9,31
10,27
11,53
12,45
13,96
14,75
15,113
16,216
17,163
18,132
each floor by number


[0, 25, 0]
[0, 350, 52]
[0, 56, 526]


[0, 25, 0]
[0, 234, 30]
[0, 87, 633]


[49, 82, 0]
[25, 108, 52]
[2, 84, 607]


[103, 46, 0]
[65, 116, 82]
[10, 55, 532]


[165, 9, 0]
[88, 140, 107]
[7, 70, 423]


[177, 4, 0]
[118, 193, 83]
[6, 95, 333]


[195, 2, 0]
[137, 245, 47]
[4, 73, 306]


[227, 11, 0]
[132, 245, 30]
[21, 55, 288]


[208, 23, 0]
[119, 236, 0]
[8, 92, 323]


[211, 20, 0]
[115, 188, 0]
[1, 185, 289]


[240, 23, 0]
[121, 241, 1]
[0, 257, 126]


[284, 25, 0]
[133, 562, 0]
[0, 3, 2]


[372, 18, 0]
[107, 512, 0]
[0, 0, 0]


[440, 9, 0]
[159, 401, 0]
[0, 0, 0]


[641, 14, 0]
[158, 196, 0]
[0, 0, 0]


[969, 8, 0]
[28, 4, 0]
[0, 0, 0]


[1009, 0, 0]
[0, 0, 0]
[0, 0, 0]


[1009, 0, 0]
[0, 0, 0]
[0, 0, 0]
each floor by percent


[0.0, 100.0, 0.0]
[0.0, 87.06467661691543, 12.935323383084578]
[0.0, 9.621993127147766, 90.37800687285223]


[0.0, 100.0, 0.0]
[0.0, 88.63636363636363, 11.363636363636363]
[0.0, 12.083333333333332, 87.91666666666667]


[37.404580152671755, 62.595419847328245, 0.0]
[13.513513513513512, 58.37837837837838, 28.108108108108105]
[0.28860028860028863, 12.121212121212121, 87.5901875901876]


[69.12751677852349, 30.87248322147651, 0.0]
[24.714828897338403, 44.106463878327, 31.1787072243346]
[1.6750418760469012, 9.212730318257957, 89.11222780569514]


[94.82758620689656, 5.172413793103448, 0.0]
[26.268656716417908, 41.7910447761194, 31.940298507462686]
[1.4, 14.0, 84.6]


[97.79005524861878, 2.2099447513812156, 0.0]
[29.949238578680202, 48.984771573604064, 21.065989847715738]
[1.3824884792626728, 21.889400921658986, 76.72811059907835]


[98.98477157360406, 1.015228426395939, 0.0]
[31.934731934731936, 57.10955710955711, 10.955710955710956]
[1.0443864229765012, 19.060052219321147, 79.89556135770235]


[95.37815126050421, 4.621848739495799, 0.0]
[32.43243243243243, 60.19656019656019, 7.37100737100737]
[5.769230769230769, 15.10989010989011, 79.12087912087912]


[90.04329004329004, 9.956709956709956, 0.0]
[33.521126760563384, 66.47887323943662, 0.0]
[1.8912529550827422, 21.749408983451534, 76.3593380614657]


[91.34199134199135, 8.658008658008658, 0.0]
[37.95379537953796, 62.04620462046205, 0.0]
[0.21052631578947367, 38.94736842105263, 60.8421052631579]


[91.25475285171103, 8.745247148288973, 0.0]
[33.333333333333336, 66.39118457300276, 0.27548209366391185]
[0.0, 67.1018276762402, 32.89817232375979]


[91.90938511326861, 8.090614886731393, 0.0]
[19.136690647482013, 80.86330935251799, 0.0]
[0.0, 60.0, 40.0]


[95.38461538461539, 4.615384615384616, 0.0]
[17.2859450726979, 82.7140549273021, 0.0]
[0, 0, 0]


[97.99554565701558, 2.0044543429844097, 0.0]
[28.392857142857146, 71.60714285714286, 0.0]
[0, 0, 0]


[97.86259541984732, 2.1374045801526718, 0.0]
[44.632768361581924, 55.367231638418076, 0.0]
[0, 0, 0]


[99.18116683725691, 0.8188331627430911, 0.0]
[87.5, 12.5, 0.0]
[0, 0, 0]


[100.0, 0.0, 0.0]
[0, 0, 0]
[0, 0, 0]


[100.0, 0.0, 0.0]
[0, 0, 0]
[0, 0, 0]
total by number and percent
[6299, 344, 0]
[1505, 3971, 484]
[59, 1112, 4388]
[94.82161673942495, 5.178383260575042, 0.0]
[25.251677852348994, 66.62751677852349, 8.120805369127517]
[1.0613419679798526, 20.00359776938298, 78.93506026263717]
total accuracy
0.8070697059795177
-------------------folder , length of x_test, y_test-------------------------
126 890 890 <class 'numpy.ndarray'>
<class 'numpy.ndarray'>
number by successful floor
0,0
1,0
2,0
3,4
4,1
5,8
6,4
7,4
8,11
9,15
10,34
11,33
12,33
13,57
14,94
15,152
16,202
17,150
18,88
each floor by number


[0, 37, 0]
[0, 230, 34]
[0, 127, 462]


[0, 37, 0]
[0, 144, 10]
[0, 64, 635]


[64, 41, 0]
[37, 65, 28]
[1, 35, 619]


[101, 23, 0]
[51, 89, 72]
[7, 60, 487]


[158, 10, 5]
[66, 182, 87]
[7, 42, 333]


[176, 26, 16]
[98, 237, 138]
[11, 19, 169]


[189, 22, 8]
[136, 359, 110]
[0, 4, 62]


[213, 30, 1]
[62, 412, 135]
[0, 13, 24]


[191, 39, 0]
[76, 408, 99]
[0, 10, 67]


[191, 36, 0]
[76, 303, 109]
[0, 19, 156]


[222, 60, 0]
[56, 402, 7]
[0, 17, 126]


[267, 69, 0]
[58, 369, 8]
[0, 34, 85]


[370, 53, 0]
[63, 322, 23]
[0, 10, 49]


[419, 66, 0]
[75, 328, 0]
[0, 2, 0]


[618, 0, 0]
[90, 182, 0]
[0, 0, 0]


[773, 8, 0]
[14, 95, 0]
[0, 0, 0]


[890, 0, 0]
[0, 0, 0]
[0, 0, 0]


[890, 0, 0]
[0, 0, 0]
[0, 0, 0]
each floor by percent


[0.0, 100.0, 0.0]
[0.0, 87.12121212121211, 12.878787878787879]
[0.0, 21.561969439728355, 78.43803056027166]


[0.0, 100.0, 0.0]
[0.0, 93.5064935064935, 6.4935064935064934]
[0.0, 9.15593705293276, 90.84406294706723]


[60.95238095238095, 39.047619047619044, 0.0]
[28.46153846153846, 50.0, 21.538461538461537]
[0.15267175572519084, 5.34351145038168, 94.50381679389314]


[81.45161290322581, 18.548387096774192, 0.0]
[24.056603773584904, 41.9811320754717, 33.9622641509434]
[1.263537906137184, 10.830324909747292, 87.90613718411552]


[91.32947976878613, 5.780346820809249, 2.8901734104046244]
[19.70149253731343, 54.32835820895522, 25.970149253731343]
[1.8324607329842932, 10.99476439790576, 87.17277486910996]


[80.73394495412843, 11.926605504587155, 7.339449541284403]
[20.718816067653275, 50.10570824524312, 29.175475687103592]
[5.527638190954774, 9.547738693467338, 84.92462311557789]


[86.3013698630137, 10.045662100456621, 3.6529680365296806]
[22.479338842975206, 59.33884297520661, 18.181818181818183]
[0.0, 6.0606060606060606, 93.93939393939394]


[87.29508196721312, 12.295081967213115, 0.4098360655737705]
[10.180623973727423, 67.65188834154351, 22.167487684729064]
[0.0, 35.13513513513514, 64.86486486486487]


[83.04347826086958, 16.956521739130437, 0.0]
[13.036020583190394, 69.9828473413379, 16.9811320754717]
[0.0, 12.987012987012987, 87.01298701298701]


[84.14096916299559, 15.859030837004406, 0.0]
[15.573770491803279, 62.09016393442623, 22.336065573770494]
[0.0, 10.857142857142858, 89.14285714285714]


[78.72340425531915, 21.27659574468085, 0.0]
[12.043010752688172, 86.4516129032258, 1.5053763440860215]
[0.0, 11.888111888111888, 88.11188811188812]


[79.46428571428572, 20.535714285714285, 0.0]
[13.333333333333334, 84.82758620689656, 1.8390804597701151]
[0.0, 28.571428571428573, 71.42857142857143]


[87.47044917257682, 12.529550827423167, 0.0]
[15.441176470588236, 78.92156862745098, 5.637254901960784]
[0.0, 16.949152542372882, 83.05084745762713]


[86.3917525773196, 13.608247422680414, 0.0]
[18.610421836228287, 81.3895781637717, 0.0]
[0.0, 100.0, 0.0]


[100.0, 0.0, 0.0]
[33.088235294117645, 66.91176470588235, 0.0]
[0, 0, 0]


[98.97567221510884, 1.0243277848911652, 0.0]
[12.844036697247706, 87.15596330275228, 0.0]
[0, 0, 0]


[100.0, 0.0, 0.0]
[0, 0, 0]
[0, 0, 0]


[100.0, 0.0, 0.0]
[0, 0, 0]
[0, 0, 0]
total by number and percent
[5732, 557, 30]
[958, 4127, 860]
[26, 456, 3274]
[90.71055546763728, 8.814685868017092, 0.4747586643456243]
[16.11438183347351, 69.41968040370058, 14.465937762825904]
[0.6922257720979765, 12.140575079872205, 87.16719914802982]
total accuracy
0.8197877652933833
-------------------folder , length of x_test, y_test-------------------------
127 1597 1597 <class 'numpy.ndarray'>
<class 'numpy.ndarray'>
number by successful floor
0,0
1,0
2,0
3,0
4,0
5,7
6,10
7,10
8,15
9,17
10,11
11,18
12,29
13,43
14,64
15,85
16,186
17,527
18,575
each floor by number


[0, 23, 0]
[0, 287, 23]
[0, 68, 1196]


[0, 23, 0]
[0, 211, 37]
[0, 63, 1263]


[78, 71, 5]
[16, 84, 33]
[8, 57, 1245]


[126, 43, 1]
[31, 113, 28]
[7, 33, 1215]


[178, 24, 1]
[39, 130, 61]
[17, 91, 1056]


[195, 24, 0]
[68, 218, 40]
[11, 84, 957]


[203, 16, 0]
[91, 324, 34]
[0, 96, 833]


[232, 26, 0]
[85, 455, 30]
[0, 56, 713]


[194, 23, 0]
[85, 481, 45]
[0, 52, 717]


[195, 22, 0]
[82, 538, 26]
[0, 21, 713]


[243, 39, 0]
[68, 647, 150]
[0, 12, 438]


[315, 53, 0]
[75, 1154, 0]
[0, 0, 0]


[468, 44, 0]
[84, 1001, 0]
[0, 0, 0]


[615, 18, 0]
[74, 890, 0]
[0, 0, 0]


[891, 24, 0]
[44, 638, 0]
[0, 0, 0]


[1359, 127, 0]
[5, 106, 0]
[0, 0, 0]


[1597, 0, 0]
[0, 0, 0]
[0, 0, 0]


[1597, 0, 0]
[0, 0, 0]
[0, 0, 0]
each floor by percent


[0.0, 100.0, 0.0]
[0.0, 92.58064516129032, 7.419354838709677]
[0.0, 5.379746835443037, 94.62025316455696]


[0.0, 100.0, 0.0]
[0.0, 85.08064516129032, 14.919354838709678]
[0.0, 4.751131221719457, 95.24886877828054]


[50.64935064935065, 46.103896103896105, 3.2467532467532467]
[12.030075187969924, 63.1578947368421, 24.81203007518797]
[0.6106870229007634, 4.351145038167939, 95.0381679389313]


[74.11764705882354, 25.294117647058822, 0.5882352941176471]
[18.02325581395349, 65.69767441860465, 16.27906976744186]
[0.5577689243027888, 2.6294820717131473, 96.81274900398405]


[87.68472906403942, 11.822660098522169, 0.4926108374384237]
[16.956521739130437, 56.52173913043479, 26.521739130434785]
[1.4604810996563573, 7.81786941580756, 90.72164948453607]


[89.04109589041096, 10.95890410958904, 0.0]
[20.858895705521473, 66.87116564417178, 12.269938650306749]
[1.0456273764258555, 7.984790874524715, 90.96958174904944]


[92.69406392694064, 7.305936073059361, 0.0]
[20.267260579064587, 72.16035634743875, 7.572383073496659]
[0.0, 10.333692142088267, 89.66630785791175]


[89.92248062015504, 10.077519379844961, 0.0]
[14.912280701754385, 79.82456140350877, 5.263157894736842]
[0.0, 7.282184655396619, 92.71781534460338]


[89.40092165898618, 10.599078341013826, 0.0]
[13.911620294599016, 78.72340425531914, 7.3649754500818325]
[0.0, 6.7620286085825745, 93.23797139141742]


[89.86175115207374, 10.138248847926267, 0.0]
[12.693498452012385, 83.28173374613003, 4.024767801857585]
[0.0, 2.861035422343324, 97.13896457765668]


[86.17021276595746, 13.829787234042554, 0.0]
[7.861271676300578, 74.79768786127167, 17.341040462427745]
[0.0, 2.6666666666666665, 97.33333333333333]


[85.59782608695652, 14.402173913043478, 0.0]
[6.102522375915378, 93.89747762408463, 0.0]
[0, 0, 0]


[91.40625, 8.59375, 0.0]
[7.741935483870968, 92.25806451612904, 0.0]
[0, 0, 0]


[97.1563981042654, 2.843601895734597, 0.0]
[7.676348547717842, 92.32365145228215, 0.0]
[0, 0, 0]


[97.37704918032786, 2.622950819672131, 0.0]
[6.451612903225806, 93.54838709677419, 0.0]
[0, 0, 0]


[91.4535666218035, 8.5464333781965, 0.0]
[4.504504504504504, 95.49549549549549, 0.0]
[0, 0, 0]


[100.0, 0.0, 0.0]
[0, 0, 0]
[0, 0, 0]


[100.0, 0.0, 0.0]
[0, 0, 0]
[0, 0, 0]
total by number and percent
[8486, 600, 7]
[847, 7277, 507]
[43, 633, 10346]
[93.32453535686793, 6.598482349059716, 0.07698229407236336]
[9.813463098134632, 84.3123624145522, 5.874174487313174]
[0.3901288332426057, 5.743059335873707, 93.86681183088369]
total accuracy
0.9082654978083907
-------------------folder , length of x_test, y_test-------------------------
128 615 615 <class 'numpy.ndarray'>
<class 'numpy.ndarray'>
number by successful floor
0,0
1,0
2,0
3,10
4,0
5,2
6,4
7,3
8,6
9,17
10,16
11,13
12,22
13,19
14,52
15,63
16,123
17,101
18,164
each floor by number


[0, 33, 0]
[0, 157, 35]
[0, 25, 365]


[0, 33, 0]
[0, 99, 8]
[0, 44, 431]


[49, 31, 0]
[25, 43, 17]
[1, 26, 423]


[77, 24, 0]
[23, 62, 34]
[1, 40, 354]


[106, 10, 0]
[29, 70, 56]
[1, 22, 321]


[116, 5, 0]
[45, 76, 85]
[11, 10, 267]


[121, 6, 0]
[70, 78, 98]
[11, 0, 231]


[127, 8, 0]
[47, 110, 51]
[10, 0, 262]


[123, 5, 0]
[37, 121, 55]
[9, 2, 263]


[121, 5, 0]
[42, 114, 41]
[12, 15, 265]


[138, 4, 0]
[42, 183, 65]
[9, 7, 167]


[163, 3, 0]
[39, 377, 0]
[3, 17, 13]


[194, 10, 0]
[38, 345, 0]
[0, 10, 18]


[213, 27, 0]
[36, 339, 0]
[0, 0, 0]


[285, 78, 0]
[38, 214, 0]
[0, 0, 0]


[553, 0, 0]
[36, 26, 0]
[0, 0, 0]


[615, 0, 0]
[0, 0, 0]
[0, 0, 0]


[615, 0, 0]
[0, 0, 0]
[0, 0, 0]
each floor by percent


[0.0, 100.0, 0.0]
[0.0, 81.77083333333334, 18.229166666666668]
[0.0, 6.410256410256411, 93.58974358974359]


[0.0, 100.0, 0.0]
[0.0, 92.5233644859813, 7.4766355140186915]
[0.0, 9.263157894736842, 90.73684210526316]


[61.25, 38.75, 0.0]
[29.411764705882355, 50.588235294117645, 20.0]
[0.2222222222222222, 5.777777777777778, 94.0]


[76.23762376237623, 23.762376237623762, 0.0]
[19.327731092436977, 52.10084033613445, 28.571428571428573]
[0.2531645569620253, 10.126582278481012, 89.62025316455696]


[91.37931034482759, 8.620689655172415, 0.0]
[18.70967741935484, 45.16129032258064, 36.12903225806451]
[0.29069767441860467, 6.395348837209302, 93.31395348837209]


[95.86776859504133, 4.132231404958678, 0.0]
[21.844660194174757, 36.89320388349515, 41.262135922330096]
[3.8194444444444446, 3.4722222222222223, 92.70833333333334]


[95.2755905511811, 4.724409448818897, 0.0]
[28.45528455284553, 31.70731707317073, 39.83739837398374]
[4.545454545454546, 0.0, 95.45454545454545]


[94.07407407407406, 5.925925925925926, 0.0]
[22.596153846153847, 52.88461538461538, 24.51923076923077]
[3.676470588235294, 0.0, 96.3235294117647]


[96.09375, 3.90625, 0.0]
[17.370892018779344, 56.80751173708921, 25.821596244131456]
[3.284671532846715, 0.7299270072992701, 95.985401459854]


[96.03174603174602, 3.9682539682539684, 0.0]
[21.31979695431472, 57.86802030456853, 20.81218274111675]
[4.109589041095891, 5.136986301369864, 90.75342465753425]


[97.1830985915493, 2.8169014084507045, 0.0]
[14.482758620689655, 63.10344827586207, 22.413793103448278]
[4.918032786885246, 3.8251366120218577, 91.25683060109289]


[98.19277108433735, 1.8072289156626506, 0.0]
[9.375, 90.625, 0.0]
[9.09090909090909, 51.515151515151516, 39.39393939393939]


[95.09803921568627, 4.901960784313726, 0.0]
[9.921671018276761, 90.07832898172323, 0.0]
[0.0, 35.71428571428571, 64.28571428571428]


[88.75, 11.25, 0.0]
[9.6, 90.4, 0.0]
[0, 0, 0]


[78.51239669421489, 21.487603305785125, 0.0]
[15.079365079365079, 84.92063492063492, 0.0]
[0, 0, 0]


[100.0, 0.0, 0.0]
[58.064516129032256, 41.935483870967744, 0.0]
[0, 0, 0]


[100.0, 0.0, 0.0]
[0, 0, 0]
[0, 0, 0]


[100.0, 0.0, 0.0]
[0, 0, 0]
[0, 0, 0]
total by number and percent
[3616, 282, 0]
[547, 2414, 545]
[68, 218, 3380]
[92.76552077988713, 7.2344792201128785, 0.0]
[15.601825442099258, 68.8533941814033, 15.544780376497433]
[1.8548827059465358, 5.946535733769776, 92.19858156028369]
total accuracy
0.8500451671183379
-------------------folder , length of x_test, y_test-------------------------
129 709 709 <class 'numpy.ndarray'>
<class 'numpy.ndarray'>
number by successful floor
0,0
1,0
2,0
3,0
4,0
5,0
6,0
7,6
8,15
9,31
10,54
11,68
12,70
13,87
14,105
15,138
16,82
17,13
18,40
each floor by number


[0, 36, 0]
[0, 189, 226]
[0, 20, 238]


[0, 34, 0]
[0, 166, 154]
[0, 0, 355]


[105, 59, 0]
[6, 22, 89]
[1, 3, 424]


[126, 39, 0]
[10, 31, 102]
[4, 14, 383]


[185, 5, 0]
[28, 12, 144]
[1, 12, 322]


[176, 3, 0]
[34, 47, 230]
[0, 20, 199]


[198, 4, 0]
[12, 112, 370]
[0, 0, 13]


[198, 15, 0]
[20, 71, 392]
[0, 0, 13]


[108, 17, 0]
[101, 71, 224]
[0, 0, 188]


[108, 17, 0]
[101, 59, 16]
[3, 2, 403]


[103, 22, 0]
[102, 131, 9]
[0, 9, 333]


[142, 5, 0]
[80, 275, 13]
[0, 12, 182]


[170, 1, 0]
[66, 393, 16]
[0, 49, 14]


[195, 0, 0]
[67, 447, 0]
[0, 0, 0]


[283, 6, 0]
[33, 387, 0]
[0, 0, 0]


[477, 211, 0]
[0, 21, 0]
[0, 0, 0]


[709, 0, 0]
[0, 0, 0]
[0, 0, 0]


[709, 0, 0]
[0, 0, 0]
[0, 0, 0]
each floor by percent


[0.0, 100.0, 0.0]
[0.0, 45.54216867469879, 54.4578313253012]
[0.0, 7.751937984496124, 92.24806201550388]


[0.0, 99.99999999999999, 0.0]
[0.0, 51.875, 48.125]
[0.0, 0.0, 100.0]


[64.02439024390245, 35.97560975609756, 0.0]
[5.128205128205129, 18.803418803418804, 76.06837606837607]
[0.2336448598130841, 0.7009345794392523, 99.06542056074765]


[76.36363636363637, 23.636363636363637, 0.0]
[6.993006993006993, 21.67832167832168, 71.32867132867133]
[0.9975062344139651, 3.491271820448878, 95.51122194513717]


[97.36842105263159, 2.6315789473684212, 0.0]
[15.217391304347826, 6.521739130434782, 78.26086956521739]
[0.29850746268656714, 3.582089552238806, 96.11940298507463]


[98.32402234636871, 1.675977653631285, 0.0]
[10.932475884244374, 15.112540192926046, 73.95498392282958]
[0.0, 9.132420091324201, 90.86757990867581]


[98.01980198019803, 1.9801980198019802, 0.0]
[2.42914979757085, 22.672064777327932, 74.89878542510121]
[0.0, 0.0, 100.0]


[92.95774647887325, 7.042253521126761, 0.0]
[4.140786749482402, 14.699792960662526, 81.15942028985508]
[0.0, 0.0, 100.0]


[86.4, 13.6, 0.0]
[25.505050505050505, 17.92929292929293, 56.56565656565657]
[0.0, 0.0, 100.0]


[86.4, 13.6, 0.0]
[57.38636363636363, 33.52272727272727, 9.090909090909092]
[0.7352941176470588, 0.49019607843137253, 98.77450980392156]


[82.4, 17.6, 0.0]
[42.14876033057851, 54.13223140495868, 3.71900826446281]
[0.0, 2.6315789473684212, 97.36842105263158]


[96.59863945578232, 3.4013605442176873, 0.0]
[21.73913043478261, 74.72826086956522, 3.532608695652174]
[0.0, 6.185567010309279, 93.81443298969073]


[99.41520467836257, 0.5847953216374269, 0.0]
[13.894736842105264, 82.73684210526316, 3.3684210526315788]
[0.0, 77.77777777777777, 22.22222222222222]


[100.0, 0.0, 0.0]
[13.03501945525292, 86.96498054474709, 0.0]
[0, 0, 0]


[97.92387543252595, 2.0761245674740483, 0.0]
[7.857142857142857, 92.14285714285714, 0.0]
[0, 0, 0]


[69.3313953488372, 30.66860465116279, 0.0]
[0.0, 100.0, 0.0]
[0, 0, 0]


[100.0, 0.0, 0.0]
[0, 0, 0]
[0, 0, 0]


[100.0, 0.0, 0.0]
[0, 0, 0]
[0, 0, 0]
total by number and percent
[3992, 474, 0]
[660, 2434, 1985]
[9, 141, 3067]
[89.38647559337214, 10.613524406627855, 0.0]
[12.994683992911991, 47.922819452648156, 39.08249655443985]
[0.27976375505129003, 4.3829654958035436, 95.33727074914516]
total accuracy
0.7438489265005485
-------------------folder , length of x_test, y_test-------------------------
130 124 124 <class 'numpy.ndarray'>
<class 'numpy.ndarray'>
number by successful floor
0,0
1,0
2,0
3,0
4,0
5,0
6,0
7,0
8,0
9,0
10,0
11,0
12,0
13,0
14,3
15,6
16,46
17,26
18,43
each floor by number


[0, 48, 0]
[0, 76, 0]
[0, 0, 0]


[0, 48, 0]
[0, 76, 0]
[0, 0, 0]


[76, 24, 0]
[14, 10, 0]
[0, 0, 0]


[114, 10, 0]
[0, 0, 0]
[0, 0, 0]


[122, 2, 0]
[0, 0, 0]
[0, 0, 0]


[122, 2, 0]
[0, 0, 0]
[0, 0, 0]


[124, 0, 0]
[0, 0, 0]
[0, 0, 0]


[124, 0, 0]
[0, 0, 0]
[0, 0, 0]


[124, 0, 0]
[0, 0, 0]
[0, 0, 0]


[124, 0, 0]
[0, 0, 0]
[0, 0, 0]


[124, 0, 0]
[0, 0, 0]
[0, 0, 0]


[124, 0, 0]
[0, 0, 0]
[0, 0, 0]


[124, 0, 0]
[0, 0, 0]
[0, 0, 0]


[124, 0, 0]
[0, 0, 0]
[0, 0, 0]


[124, 0, 0]
[0, 0, 0]
[0, 0, 0]


[124, 0, 0]
[0, 0, 0]
[0, 0, 0]


[124, 0, 0]
[0, 0, 0]
[0, 0, 0]


[124, 0, 0]
[0, 0, 0]
[0, 0, 0]
each floor by percent


[0.0, 100.0, 0.0]
[0.0, 100.0, 0.0]
[0, 0, 0]


[0.0, 100.0, 0.0]
[0.0, 100.0, 0.0]
[0, 0, 0]


[76.0, 24.0, 0.0]
[58.333333333333336, 41.66666666666667, 0.0]
[0, 0, 0]


[91.93548387096774, 8.064516129032258, 0.0]
[0, 0, 0]
[0, 0, 0]


[98.38709677419355, 1.6129032258064517, 0.0]
[0, 0, 0]
[0, 0, 0]


[98.38709677419355, 1.6129032258064517, 0.0]
[0, 0, 0]
[0, 0, 0]


[100.0, 0.0, 0.0]
[0, 0, 0]
[0, 0, 0]


[100.0, 0.0, 0.0]
[0, 0, 0]
[0, 0, 0]


[100.0, 0.0, 0.0]
[0, 0, 0]
[0, 0, 0]


[100.0, 0.0, 0.0]
[0, 0, 0]
[0, 0, 0]


[100.0, 0.0, 0.0]
[0, 0, 0]
[0, 0, 0]


[100.0, 0.0, 0.0]
[0, 0, 0]
[0, 0, 0]


[100.0, 0.0, 0.0]
[0, 0, 0]
[0, 0, 0]


[100.0, 0.0, 0.0]
[0, 0, 0]
[0, 0, 0]


[100.0, 0.0, 0.0]
[0, 0, 0]
[0, 0, 0]


[100.0, 0.0, 0.0]
[0, 0, 0]
[0, 0, 0]


[100.0, 0.0, 0.0]
[0, 0, 0]
[0, 0, 0]


[100.0, 0.0, 0.0]
[0, 0, 0]
[0, 0, 0]
total by number and percent
[1922, 134, 0]
[14, 162, 0]
[0, 0, 0]
[93.48249027237354, 6.517509727626459, 0.0]
[7.954545454545454, 92.04545454545455, 0.0]
[nan, nan, nan]
total accuracy
0.9336917562724014
-------------------folder , length of x_test, y_test-------------------------
131 26 26 <class 'numpy.ndarray'>
<class 'numpy.ndarray'>
number by successful floor
0,0
1,0
2,0
3,0
4,0
5,0
6,0
7,0
8,0
9,0
10,0
11,0
12,0
13,0
14,0
15,3
16,23
17,0
18,0
each floor by number


[0, 26, 0]
[0, 0, 0]
[0, 0, 0]


[0, 26, 0]
[0, 0, 0]
[0, 0, 0]


[23, 3, 0]
[0, 0, 0]
[0, 0, 0]


[26, 0, 0]
[0, 0, 0]
[0, 0, 0]


[26, 0, 0]
[0, 0, 0]
[0, 0, 0]


[26, 0, 0]
[0, 0, 0]
[0, 0, 0]


[26, 0, 0]
[0, 0, 0]
[0, 0, 0]


[26, 0, 0]
[0, 0, 0]
[0, 0, 0]


[26, 0, 0]
[0, 0, 0]
[0, 0, 0]


[26, 0, 0]
[0, 0, 0]
[0, 0, 0]


[26, 0, 0]
[0, 0, 0]
[0, 0, 0]


[26, 0, 0]
[0, 0, 0]
[0, 0, 0]


[26, 0, 0]
[0, 0, 0]
[0, 0, 0]


[26, 0, 0]
[0, 0, 0]
[0, 0, 0]


[26, 0, 0]
[0, 0, 0]
[0, 0, 0]


[26, 0, 0]
[0, 0, 0]
[0, 0, 0]


[26, 0, 0]
[0, 0, 0]
[0, 0, 0]


[26, 0, 0]
[0, 0, 0]
[0, 0, 0]
each floor by percent


[0.0, 100.0, 0.0]
[0, 0, 0]
[0, 0, 0]


[0.0, 100.0, 0.0]
[0, 0, 0]
[0, 0, 0]


[88.46153846153845, 11.538461538461538, 0.0]
[0, 0, 0]
[0, 0, 0]


[100.0, 0.0, 0.0]
[0, 0, 0]
[0, 0, 0]


[100.0, 0.0, 0.0]
[0, 0, 0]
[0, 0, 0]


[100.0, 0.0, 0.0]
[0, 0, 0]
[0, 0, 0]


[100.0, 0.0, 0.0]
[0, 0, 0]
[0, 0, 0]


[100.0, 0.0, 0.0]
[0, 0, 0]
[0, 0, 0]


[100.0, 0.0, 0.0]
[0, 0, 0]
[0, 0, 0]


[100.0, 0.0, 0.0]
[0, 0, 0]
[0, 0, 0]


[100.0, 0.0, 0.0]
[0, 0, 0]
[0, 0, 0]


[100.0, 0.0, 0.0]
[0, 0, 0]
[0, 0, 0]


[100.0, 0.0, 0.0]
[0, 0, 0]
[0, 0, 0]


[100.0, 0.0, 0.0]
[0, 0, 0]
[0, 0, 0]


[100.0, 0.0, 0.0]
[0, 0, 0]
[0, 0, 0]


[100.0, 0.0, 0.0]
[0, 0, 0]
[0, 0, 0]


[100.0, 0.0, 0.0]
[0, 0, 0]
[0, 0, 0]


[100.0, 0.0, 0.0]
[0, 0, 0]
[0, 0, 0]
total by number and percent
[413, 55, 0]
[0, 0, 0]
[0, 0, 0]
[88.24786324786325, 11.752136752136753, 0.0]
[nan, nan, nan]
[nan, nan, nan]
total accuracy
0.8824786324786325
-------------------folder , length of x_test, y_test-------------------------
132 2202 2202 <class 'numpy.ndarray'>
<class 'numpy.ndarray'>
number by successful floor
0,0
1,0
2,0
3,0
4,0
5,0
6,0
7,0
8,1
9,3
10,2
11,4
12,19
13,43
14,112
15,156
16,314
17,898
18,650
each floor by number


[0, 30, 0]
[0, 288, 17]
[0, 0, 1867]


[0, 30, 0]
[0, 233, 1]
[0, 5, 1933]


[138, 60, 0]
[19, 48, 55]
[0, 2, 1880]


[179, 19, 0]
[30, 53, 39]
[0, 9, 1873]


[203, 4, 0]
[41, 109, 75]
[0, 177, 1593]


[249, 10, 0]
[4, 360, 23]
[0, 219, 1337]


[253, 6, 0]
[8, 651, 44]
[0, 74, 1166]


[261, 3, 0]
[10, 792, 59]
[0, 51, 1026]


[257, 58, 0]
[6, 744, 60]
[0, 62, 1015]


[258, 57, 0]
[7, 742, 61]
[0, 58, 1019]


[295, 25, 0]
[13, 1017, 218]
[0, 166, 468]


[373, 59, 0]
[30, 1740, 0]
[0, 0, 0]


[526, 18, 0]
[142, 1516, 0]
[0, 0, 0]


[675, 37, 0]
[244, 1246, 0]
[0, 0, 0]


[1188, 156, 0]
[77, 781, 0]
[0, 0, 0]


[2028, 2, 0]
[172, 0, 0]
[0, 0, 0]


[2202, 0, 0]
[0, 0, 0]
[0, 0, 0]


[2202, 0, 0]
[0, 0, 0]
[0, 0, 0]
each floor by percent


[0.0, 100.0, 0.0]
[0.0, 94.42622950819673, 5.573770491803279]
[0.0, 0.0, 99.99999999999999]


[0.0, 100.0, 0.0]
[0.0, 99.57264957264958, 0.4273504273504274]
[0.0, 0.2579979360165119, 99.74200206398349]


[69.6969696969697, 30.303030303030305, 0.0]
[15.573770491803279, 39.34426229508197, 45.08196721311476]
[0.0, 0.10626992561105207, 99.89373007438894]


[90.4040404040404, 9.595959595959597, 0.0]
[24.59016393442623, 43.442622950819676, 31.9672131147541]
[0.0, 0.4782146652497343, 99.52178533475026]


[98.06763285024155, 1.9323671497584543, 0.0]
[18.22222222222222, 48.44444444444444, 33.333333333333336]
[0.0, 10.0, 90.0]


[96.13899613899615, 3.8610038610038613, 0.0]
[1.0335917312661498, 93.02325581395348, 5.943152454780361]
[0.0, 14.074550128534703, 85.92544987146529]


[97.68339768339769, 2.316602316602317, 0.0]
[1.1379800853485063, 92.6031294452347, 6.258890469416785]
[0.0, 5.967741935483871, 94.03225806451613]


[98.86363636363636, 1.1363636363636362, 0.0]
[1.1614401858304297, 91.98606271777004, 6.852497096399536]
[0.0, 4.735376044568246, 95.26462395543176]


[81.5873015873016, 18.412698412698415, 0.0]
[0.7407407407407408, 91.85185185185186, 7.407407407407407]
[0.0, 5.7567316620241415, 94.24326833797586]


[81.90476190476191, 18.095238095238095, 0.0]
[0.8641975308641976, 91.60493827160494, 7.530864197530865]
[0.0, 5.385329619312906, 94.6146703806871]


[92.1875, 7.8125, 0.0]
[1.0416666666666667, 81.49038461538461, 17.46794871794872]
[0.0, 26.182965299684543, 73.81703470031546]


[86.34259259259258, 13.657407407407407, 0.0]
[1.6949152542372883, 98.30508474576271, 0.0]
[0, 0, 0]


[96.69117647058823, 3.3088235294117645, 0.0]
[8.56453558504222, 91.43546441495779, 0.0]
[0, 0, 0]


[94.80337078651685, 5.1966292134831455, 0.0]
[16.375838926174495, 83.6241610738255, 0.0]
[0, 0, 0]


[88.39285714285715, 11.607142857142858, 0.0]
[8.974358974358974, 91.02564102564102, 0.0]
[0, 0, 0]


[99.90147783251231, 0.09852216748768472, 0.0]
[100.0, 0.0, 0.0]
[0, 0, 0]


[100.0, 0.0, 0.0]
[0, 0, 0]
[0, 0, 0]


[100.0, 0.0, 0.0]
[0, 0, 0]
[0, 0, 0]
total by number and percent
[11287, 574, 0]
[803, 10320, 652]
[0, 823, 15177]
[95.16061040384453, 4.839389596155468, 0.0]
[6.8195329087048835, 87.64331210191082, 5.537154989384288]
[0.0, 5.14375, 94.85625]
total accuracy
0.928045211423958
-------------------folder , length of x_test, y_test-------------------------
133 880 880 <class 'numpy.ndarray'>
<class 'numpy.ndarray'>
number by successful floor
0,0
1,0
2,0
3,0
4,0
5,0
6,5
7,8
8,3
9,9
10,5
11,25
12,27
13,35
14,71
15,116
16,158
17,298
18,120
each floor by number


[0, 19, 0]
[0, 149, 12]
[0, 98, 602]


[0, 19, 0]
[0, 103, 4]
[0, 42, 712]


[37, 31, 0]
[12, 56, 7]
[2, 34, 701]


[64, 23, 0]
[23, 65, 16]
[0, 46, 643]


[96, 7, 0]
[28, 126, 10]
[6, 49, 558]


[109, 2, 0]
[80, 173, 36]
[0, 52, 428]


[133, 4, 0]
[78, 315, 78]
[2, 0, 270]


[158, 5, 0]
[79, 361, 93]
[0, 1, 183]


[141, 38, 0]
[48, 364, 105]
[0, 0, 184]


[146, 34, 0]
[45, 402, 133]
[0, 0, 120]


[183, 79, 0]
[32, 495, 91]
[0, 0, 0]


[228, 151, 0]
[26, 475, 0]
[0, 0, 0]


[336, 136, 0]
[19, 389, 0]
[0, 0, 0]


[475, 77, 0]
[11, 317, 0]
[0, 0, 0]


[726, 2, 0]
[32, 120, 0]
[0, 0, 0]


[880, 0, 0]
[0, 0, 0]
[0, 0, 0]


[880, 0, 0]
[0, 0, 0]
[0, 0, 0]


[880, 0, 0]
[0, 0, 0]
[0, 0, 0]
each floor by percent


[0.0, 100.0, 0.0]
[0.0, 92.54658385093167, 7.453416149068323]
[0.0, 14.0, 86.0]


[0.0, 100.0, 0.0]
[0.0, 96.26168224299064, 3.7383177570093458]
[0.0, 5.570291777188329, 94.42970822281167]


[54.41176470588235, 45.588235294117645, 0.0]
[16.0, 74.66666666666667, 9.333333333333334]
[0.27137042062415195, 4.613297150610584, 95.11533242876526]


[73.5632183908046, 26.436781609195403, 0.0]
[22.115384615384613, 62.5, 15.384615384615383]
[0.0, 6.6763425253991295, 93.32365747460088]


[93.20388349514563, 6.796116504854369, 0.0]
[17.073170731707318, 76.82926829268293, 6.097560975609756]
[0.9787928221859706, 7.993474714518761, 91.02773246329527]


[98.19819819819818, 1.8018018018018016, 0.0]
[27.681660899653977, 59.86159169550173, 12.45674740484429]
[0.0, 10.833333333333334, 89.16666666666667]


[97.08029197080292, 2.9197080291970803, 0.0]
[16.56050955414013, 66.87898089171975, 16.56050955414013]
[0.7352941176470588, 0.0, 99.26470588235293]


[96.93251533742333, 3.067484662576687, 0.0]
[14.821763602251407, 67.7298311444653, 17.4484052532833]
[0.0, 0.5434782608695652, 99.45652173913044]


[78.77094972067039, 21.22905027932961, 0.0]
[9.284332688588007, 70.40618955512572, 20.309477756286267]
[0.0, 0.0, 100.0]


[81.11111111111111, 18.88888888888889, 0.0]
[7.758620689655173, 69.3103448275862, 22.931034482758623]
[0.0, 0.0, 100.0]


[69.8473282442748, 30.15267175572519, 0.0]
[5.177993527508091, 80.09708737864078, 14.724919093851133]
[0, 0, 0]


[60.15831134564644, 39.84168865435356, 0.0]
[5.189620758483034, 94.81037924151697, 0.0]
[0, 0, 0]


[71.1864406779661, 28.8135593220339, 0.0]
[4.6568627450980395, 95.34313725490196, 0.0]
[0, 0, 0]


[86.05072463768117, 13.949275362318842, 0.0]
[3.353658536585366, 96.64634146341464, 0.0]
[0, 0, 0]


[99.72527472527472, 0.2747252747252747, 0.0]
[21.05263157894737, 78.94736842105263, 0.0]
[0, 0, 0]


[99.99999999999999, 0.0, 0.0]
